0.000000000000000000e+00 2.689216538082257776e-14 -4.904413470253325521e-13 -4.818063756181500796e-15 -2.920038640110000602e-16 -3.072993045068143490e-15 -2.836608964678286299e-15 4.519107419217858074e-17 6.257225657378572718e-16 4.032434312532857974e-16 -1.595592542631536142e-15 -3.858622488716786509e-16 -1.077633307659643079e-15 2.641939722004286259e-16 2.294316074372143330e-16 0.000000000000000000e+00 6.378893934049823236e-16 -2.780989181057143430e-17 -6.291988022141787011e-16 6.344131569286608450e-17 -2.720155042721518171e-16 -2.016217156266428987e-16 4.171483771585715145e-17 2.172647797700893305e-16 5.953054965700447655e-17 -3.302424652505357823e-16 -9.212026662251787613e-17 6.952472952642858576e-18 3.180756375834107798e-16 -3.128612828689286359e-17
-2.689216538082257776e-14 0.000000000000000000e+00 -4.664831252305252343e-13 -1.093874284477016868e-12 -3.883651391346301076e-14 9.421991345421602257e-14 2.823190691879685773e-13 9.246789027015001906e-16 6.775880139645729613e-14 6.928139297308608472e-15 3.874613176507864986e-14 1.425256955291786008e-15 -3.316329598410643501e-14 2.913086167157357940e-15 2.707466779582945078e-14 1.272302550333643119e-15 -1.277777622783849412e-14 -2.913520696716898107e-15 -6.502300328959233631e-15 4.154102589204107999e-16 3.300686534267196961e-15 4.489559409169125580e-15 9.003452473672502842e-16 5.876577763221375965e-15 -4.058506086105268743e-15 -4.489559409169125580e-15 -4.833706820324947573e-15 -2.528962036523839856e-15 -1.944954308501839736e-15 -6.265916248569376045e-16
4.904413470253325521e-13 4.664831252305252343e-13 0.000000000000000000e+00 -1.262523897125751002e-11 1.343773972286811705e-13 -7.873675618868038027e-15 -1.508686630723500429e-14 5.362094764725804430e-16 1.097100231927043044e-14 4.327914413020179759e-15 -2.027688736638289615e-14 -6.813423493590001404e-16 -8.190013138213287008e-15 1.152372391900553858e-15 2.044027048077000421e-15 -3.059088099162857773e-16 4.738110317226107823e-15 -5.909602009746429789e-17 -5.212616596243982872e-15 5.987817330463661702e-16 -1.453066847102357442e-15 -8.881784197001252323e-16 -3.580523570611072166e-16 1.974502318550571835e-15 1.649474208014518148e-15 -3.062564335639179104e-15 -6.552705757865893714e-16 2.085741885792857573e-17 2.016217156266428987e-15 8.169155719355358826e-17
4.818063756181500796e-15 1.093874284477016868e-12 1.262523897125751002e-11 0.000000000000000000e+00 -1.602301679030836389e-13 3.803837001849960926e-13 1.450285857921300307e-13 9.344123648352001926e-15 2.950699045831155717e-13 5.061400309524001043e-15 6.572172682133294586e-14 -5.534168470303715426e-15 -5.784370590686950302e-14 2.078789412840214911e-15 2.895009737480486232e-14 8.113535935734216155e-15 -2.600224884288429107e-15 2.023169629219072043e-15 1.247968894999393213e-15 2.342114325921563106e-16 1.074157071183321551e-15 -4.680752415366804290e-15 6.855138331305858161e-15 1.338351043383750177e-15 -5.815743624885751100e-15 -3.274614760694786586e-15 9.524887945120716249e-16 -9.876856888348260841e-16 -1.833301938177990841e-14 2.435103651663161167e-15
2.920038640110000602e-16 3.883651391346301076e-14 -1.343773972286811705e-13 1.602301679030836389e-13 0.000000000000000000e+00 -7.725935568624376551e-13 1.863262751308286098e-15 1.521374893862073602e-14 2.411117619976543433e-14 2.249125000179964848e-15 -8.374948918753587164e-14 1.611235606774982524e-14 4.412039335747157855e-14 5.151782457908358007e-15 -1.346694010926921686e-14 -4.786777627894608031e-15 -4.345295595401786413e-15 -1.863262751308286098e-15 1.649126584366885975e-14 -3.805609882452884836e-15 7.544302212736582479e-15 5.311689335819143952e-15 -3.191185085263072283e-15 -1.691189045730375299e-15 8.294300232502930083e-15 -1.949299604097241399e-15 -1.089800135326768131e-15 -3.398021155604197375e-16 -4.519107419217858074e-17 -5.249117079245358225e-16
3.072993045068143490e-15 -9.421991345421602257e-14 7.873675618868038027e-15 -3.803837001849960926e-13 7.725935568624376551e-13 0.000000000000000000e+00 -5.742742658883001105e-14 -2.544048902831074842e-13 -3.518298937684918746e-13 7.208323957300115771e-14 -2.060078570006414623e-13 -5.561978362114286860e-17 -5.747957013597483101e-14 -1.421172377432108405e-14 -1.860829385774861009e-14 1.390494590528571715e-17 5.040542890666072270e-15 8.648876353087716857e-15 -1.314973353080488597e-14 3.552713678800500929e-15 -1.048432921258542994e-14 -1.849792334962540547e-15 1.069637963764103743e-14 7.545171271855662812e-15 1.258397604428357363e-14 7.838913254104823537e-16 -2.408597348531210232e-15 9.733462133700002006e-17 1.042870942896428786e-15 -1.675545981586928917e-15
2.836608964678286299e-15 -2.823190691879685773e-13 1.508686630723500429e-14 -1.450285857921300307e-13 -1.863262751308286098e-15 5.742742658883001105e-14 0.000000000000000000e+00 1.504167523304282447e-13 5.122095398400573105e-12 -5.707111235000706361e-15 -1.165234466862943176e-14 -2.726412268378896961e-14 -6.770318161283615484e-14 -1.032094609819832425e-14 4.115777082052664243e-14 -1.291769474601043084e-14 -1.990493006341650430e-14 -1.075547565773850162e-14 -1.157586746615035933e-14 1.782266441409996727e-14 2.143447411299793397e-14 -5.939150019795162283e-15 -3.775627342844612570e-15 7.268810471988109134e-15 7.251429289606500903e-15 -7.066102432462615228e-15 6.218987056139037292e-15 2.500283085594188089e-15 6.945520479690215914e-15 3.841241306335179264e-15
-4.519107419217858074e-17 -9.246789027015001906e-16 -5.362094764725804430e-16 -9.344123648352001926e-15 -1.521374893862073602e-14 2.544048902831074842e-13 -1.504167523304282447e-13 0.000000000000000000e+00 -2.116347540789510450e-12 8.177776785816636239e-13 1.899102749379159933e-13 -1.087366769793343160e-14 9.140763814487197770e-15 -1.503124652361385985e-14 -8.715793905256903735e-14 1.607411746651028745e-14 -3.475541229026164864e-14 3.615285935374286459e-16 -1.352255989289035894e-15 2.892228748299429167e-15 -1.055385394211185971e-14 8.415968509174179813e-15 -1.453240658926173627e-14 -2.665512950609341071e-15 -6.572585485214857113e-15 3.184232612310429228e-15 5.652360510498643825e-15 -1.651212326252678912e-16 -3.954218991815625667e-15 -9.733462133700002006e-17
-6.257225657378572718e-16 -6.775880139645729613e-14 -1.097100231927043044e-14 -2.950699045831155717e-13 -2.411117619976543433e-14 3.518298937684918746e-13 -5.122095398400573105e-12 2.116347540789510450e-12 0.000000000000000000e+00 7.533932599327714485e-12 1.824885100609697503e-13 6.482138157396569597e-14 -1.551513864111780233e-13 3.712794368535102625e-14 -4.239618006521615436e-14 9.976798687042503042e-16 -6.911453362222265296e-14 -7.487813369996359278e-15 4.235446522750029208e-14 2.082091837492720018e-14 -3.286086341066647293e-14 1.016451545676385963e-14 6.389322643478787228e-15 -6.267437102027766627e-15 -1.789175461406685766e-15 5.555894948280724532e-15 2.175081163234318453e-14 -1.023751642276660876e-15 1.264654830085735916e-14 2.193505216558821979e-15
-4.032434312532857974e-16 -6.928139297308608472e-15 -4.327914413020179759e-15 -5.061400309524001043e-15 -2.249125000179964848e-15 -7.208323957300115771e-14 5.707111235000706361e-15 -8.177776785816636239e-13 -7.533932599327714485e-12 0.000000000000000000e+00 4.695769756944513195e-13 -1.651240136144489496e-12 -2.301268547324786228e-14 5.645408037546001163e-15 -7.568592415114878408e-14 -7.995343895539287756e-15 1.537539393476968105e-14 6.771708655874144647e-15 -3.170327666405143510e-15 4.811111283228858134e-15 1.038004211829578845e-14 -7.550385626570144808e-15 -6.491871619530269442e-16 1.404399536433857432e-15 1.082847662374125272e-14 -2.373943616157881177e-15 4.658156878270715246e-16 -2.356888330945929254e-15 5.570668953305090187e-15 -6.778661128826787111e-16
1.595592542631536142e-15 -3.874613176507864986e-14 2.027688736638289615e-14 -6.572172682133294586e-14 8.374948918753587164e-14 2.060078570006414623e-13 1.165234466862943176e-14 -1.899102749379159933e-13 -1.824885100609697503e-13 -4.695769756944513195e-13 0.000000000000000000e+00 -1.711003593645407555e-14 -1.675824080505034552e-13 -4.298540214795263253e-14 1.100854567321470176e-13 -4.533012365123143791e-15 -1.434990417425486010e-14 -1.760366151609171712e-14 3.858622488716786233e-14 3.685505912195979548e-14 7.772864761054716282e-15 -5.774028787169894343e-15 -8.266490340692359438e-15 -2.558510046572571956e-15 3.149470247547214738e-15 -4.727681607797143831e-16 1.815116876111234248e-14 -8.403801681507055155e-15 -2.488985317046143370e-15 3.195747645638244030e-15
3.858622488716786509e-16 -1.425256955291786008e-15 6.813423493590001404e-16 5.534168470303715426e-15 -1.611235606774982524e-14 5.561978362114286860e-17 2.726412268378896961e-14 1.087366769793343160e-14 -6.482138157396569597e-14 1.651240136144489496e-12 1.711003593645407555e-14 0.000000000000000000e+00 -6.675590717303856698e-14 -6.623481932523798437e-13 1.206775492754984277e-13 -5.561978362114286860e-17 3.424440552824240041e-14 1.980064296912686122e-14 4.707693248058295391e-15 -2.989563369636429188e-15 1.684790597966146232e-14 3.643095827184857894e-15 2.010133742432866579e-14 -3.246804868884215152e-15 7.943200348394466218e-15 -1.084585780612285938e-15 6.431037481194644182e-17 -6.852096624389076997e-15 -4.239270382873982671e-15 -3.024325734399643678e-15
1.077633307659643079e-15 3.316329598410643501e-14 8.190013138213287008e-15 5.784370590686950302e-14 -4.412039335747157855e-14 5.747957013597483101e-14 6.770318161283615484e-14 -9.140763814487197770e-15 1.551513864111780233e-13 2.301268547324786228e-14 1.675824080505034552e-13 6.675590717303856698e-14 0.000000000000000000e+00 1.136312179379948758e-13 2.297097063553200316e-14 -9.313532767360372953e-14 3.140432032708779120e-14 1.067552221878310944e-14 -3.565228130115257720e-14 1.359708171235149984e-14 2.149270107397631626e-14 1.535106027943543173e-14 4.667890340404415366e-14 -5.436833848966715801e-15 2.151790378842964591e-14 1.108571812298903751e-14 2.158742851795607489e-15 -4.381796078403161962e-15 1.506383624057937232e-14 -4.393962906070286620e-15
-2.641939722004286259e-16 -2.913086167157357940e-15 -1.152372391900553858e-15 -2.078789412840214911e-15 -5.151782457908358007e-15 1.421172377432108405e-14 1.032094609819832425e-14 1.503124652361385985e-14 -3.712794368535102625e-14 -5.645408037546001163e-15 4.298540214795263253e-14 6.623481932523798437e-13 -1.136312179379948758e-13 0.000000000000000000e+00 -5.716792553587261361e-13 -6.517248145807415542e-13 8.995109506129330228e-14 -5.673217929356572598e-15 8.026304126656525199e-16 7.244476816653858241e-15 3.198137558215714945e-16 -2.398603168661786209e-16 1.406745996055374409e-14 4.769396445513001377e-15 7.079355584028591090e-15 2.224791344845714744e-15 1.647736089776357482e-15 1.390494590528571715e-15 -1.280471706052998444e-14 5.364701942083045822e-15
-2.294316074372143330e-16 -2.707466779582945078e-14 -2.044027048077000421e-15 -2.895009737480486232e-14 1.346694010926921686e-14 1.860829385774861009e-14 -4.115777082052664243e-14 8.715793905256903735e-14 4.239618006521615436e-14 7.568592415114878408e-14 -1.100854567321470176e-13 -1.206775492754984277e-13 -2.297097063553200316e-14 5.716792553587261361e-13 0.000000000000000000e+00 1.147005082781113500e-12 1.950307712675374648e-13 3.100238048451312472e-14 -5.381214065345572616e-14 3.593559457397277354e-15 -1.936958964606300360e-14 1.339046290679014601e-14 6.034746522894001244e-15 -3.571832979420268248e-15 1.863262751308286256e-14 1.940826277686208156e-15 1.168015456044000241e-15 3.836026951620697268e-15 1.633831143871071805e-14 -2.024907747457232708e-15
0.000000000000000000e+00 -1.272302550333643119e-15 3.059088099162857773e-16 -8.113535935734216155e-15 4.786777627894608031e-15 -1.390494590528571715e-17 1.291769474601043084e-14 -1.607411746651028745e-14 -9.976798687042503042e-16 7.995343895539287756e-15 4.533012365123143791e-15 5.561978362114286860e-17 9.313532767360372953e-14 6.517248145807415542e-13 -1.147005082781113500e-12 0.000000000000000000e+00 -1.728000217366821571e-13 2.558510046572571956e-15 5.436833848966715801e-15 6.424085008242001324e-15 -1.752544619537448718e-14 6.869043277211144273e-15 1.642869358709507580e-14 -1.077633307659643079e-15 1.321752014209315508e-14 -2.913086167157357940e-15 5.075305255429286366e-15 5.061400309524001043e-15 -7.329644610323733998e-15 -3.111231646307679311e-15
-6.378893934049823236e-16 1.277777622783849412e-14 -4.738110317226107823e-15 2.600224884288429107e-15 4.345295595401786413e-15 -5.040542890666072270e-15 1.990493006341650430e-14 3.475541229026164864e-14 6.911453362222265296e-14 -1.537539393476968105e-14 1.434990417425486010e-14 -3.424440552824240041e-14 -3.140432032708779120e-14 -8.995109506129330228e-14 -1.950307712675374648e-13 1.728000217366821571e-13 0.000000000000000000e+00 9.915964548706877231e-14 1.149243779071864487e-13 -8.673210008421966172e-15 1.037308964534314421e-14 -2.746226816293929335e-15 -2.989563369636429188e-15 1.522070141157337868e-14 -1.295940958372628838e-14 2.560248164810732621e-15 -1.557353941392000321e-14 2.042288929838839707e-16 6.667421561584501571e-15 -2.057062934863205806e-15
2.780989181057143430e-17 2.913520696716898107e-15 5.909602009746429789e-17 -2.023169629219072043e-15 1.863262751308286098e-15 -8.648876353087716857e-15 1.075547565773850162e-14 -3.615285935374286459e-16 7.487813369996359278e-15 -6.771708655874144647e-15 1.760366151609171712e-14 -1.980064296912686122e-14 -1.067552221878310944e-14 5.673217929356572598e-15 -3.100238048451312472e-14 -2.558510046572571956e-15 -9.915964548706877231e-14 0.000000000000000000e+00 -3.763286703353671341e-13 1.760366151609171712e-14 -5.125015437040682972e-14 -2.285973106828972057e-14 5.210878478005822207e-15 1.169405950634528773e-14 -3.870789316383911364e-15 9.441458269689002340e-15 -8.037927792374225635e-15 -3.504046368132000722e-15 3.763025985617946958e-15 1.348779752812714564e-15
6.291988022141787011e-16 6.502300328959233631e-15 5.212616596243982872e-15 -1.247968894999393213e-15 -1.649126584366885975e-14 1.314973353080488597e-14 1.157586746615035933e-14 1.352255989289035894e-15 -4.235446522750029208e-14 3.170327666405143510e-15 -3.858622488716786233e-14 -4.707693248058295391e-15 3.565228130115257720e-14 -8.026304126656525199e-16 5.381214065345572616e-14 -5.436833848966715801e-15 -1.149243779071864487e-13 3.763286703353671341e-13 0.000000000000000000e+00 -1.357296532179702060e-14 -7.074836476609372887e-14 3.401758109816242727e-14 5.016904482627087064e-14 1.716913195655153817e-14 3.504046368132000722e-15 5.668003574642090602e-15 1.460019320055000222e-14 2.163957206510089880e-15 1.091538253564928757e-14 2.195645274639557298e-14
-6.344131569286608450e-17 -4.154102589204107999e-16 -5.987817330463661702e-16 -2.342114325921563106e-16 3.805609882452884836e-15 -3.552713678800500929e-15 -1.782266441409996727e-14 -2.892228748299429167e-15 -2.082091837492720018e-14 -4.811111283228858134e-15 -3.685505912195979548e-14 2.989563369636429188e-15 -1.359708171235149984e-14 -7.244476816653858241e-15 -3.593559457397277354e-15 -6.424085008242001324e-15 8.673210008421966172e-15 -1.760366151609171712e-14 1.357296532179702060e-14 0.000000000000000000e+00 2.994951536174727266e-13 -1.923054018701014721e-14 -2.880930979751384212e-14 1.188872874901928856e-14 -1.465059862945666467e-14 1.106833694060743085e-14 -1.290552791834330618e-14 4.950812536621025555e-15 7.108360432127897981e-15 -5.680170402309215259e-15
2.720155042721518171e-16 -3.300686534267196961e-15 1.453066847102357442e-15 -1.074157071183321551e-15 -7.544302212736582479e-15 1.048432921258542994e-14 -2.143447411299793397e-14 1.055385394211185971e-14 3.286086341066647293e-14 -1.038004211829578845e-14 -7.772864761054716282e-15 -1.684790597966146232e-14 -2.149270107397631626e-14 -3.198137558215714945e-16 1.936958964606300360e-14 1.752544619537448718e-14 -1.037308964534314421e-14 5.125015437040682972e-14 7.074836476609372887e-14 -2.994951536174727266e-13 0.000000000000000000e+00 4.502247672307698910e-14 -9.360809583438344313e-14 3.330060732492113388e-14 4.482954559864115525e-14 -1.724213292255428927e-14 -1.849357805403000302e-14 3.267966458433821726e-14 2.294316074372143330e-16 1.712915523707384208e-15
2.016217156266428987e-16 -4.489559409169125580e-15 8.881784197001252323e-16 4.680752415366804290e-15 -5.311689335819143952e-15 1.849792334962540547e-15 5.939150019795162283e-15 -8.415968509174179813e-15 -1.016451545676385963e-14 7.550385626570144808e-15 5.774028787169894343e-15 -3.643095827184857894e-15 -1.535106027943543173e-14 2.398603168661786209e-16 -1.339046290679014601e-14 -6.869043277211144273e-15 2.746226816293929335e-15 2.285973106828972057e-14 -3.401758109816242727e-14 1.923054018701014721e-14 -4.502247672307698910e-14 0.000000000000000000e+00 1.631397778337646684e-13 2.785160664828729027e-14 2.763521092763628112e-14 1.696403400444857492e-15 2.201261569196614106e-14 3.351091963173857833e-15 -1.472707583193573395e-14 -4.776348918465644039e-15
-4.171483771585715145e-17 -9.003452473672502842e-16 3.580523570611072166e-16 -6.855138331305858161e-15 3.191185085263072283e-15 -1.069637963764103743e-14 3.775627342844612570e-15 1.453240658926173627e-14 -6.389322643478787228e-15 6.491871619530269442e-16 8.266490340692359438e-15 -2.010133742432866579e-14 -4.667890340404415366e-14 -1.406745996055374409e-14 -6.034746522894001244e-15 -1.642869358709507580e-14 2.989563369636429188e-15 -5.210878478005822207e-15 -5.016904482627087064e-14 2.880930979751384212e-14 9.360809583438344313e-14 -1.631397778337646684e-13 0.000000000000000000e+00 -2.286233824564696157e-14 1.272719698710801687e-13 -3.213085375063896824e-14 -7.119332303506287181e-15 -1.913668180214946971e-15 -2.488985317046143449e-14 6.545753284913251053e-15
-2.172647797700893305e-16 -5.876577763221375965e-15 -1.974502318550571835e-15 -1.338351043383750177e-15 1.691189045730375299e-15 -7.545171271855662812e-15 -7.268810471988109134e-15 2.665512950609341071e-15 6.267437102027766627e-15 -1.404399536433857432e-15 2.558510046572571956e-15 3.246804868884215152e-15 5.436833848966715801e-15 -4.769396445513001377e-15 3.571832979420268248e-15 1.077633307659643079e-15 -1.522070141157337868e-14 -1.169405950634528773e-14 -1.716913195655153817e-14 -1.188872874901928856e-14 -3.330060732492113388e-14 -2.785160664828729027e-14 2.286233824564696157e-14 0.000000000000000000e+00 -2.236469326758357188e-14 2.780989181057143430e-16 -1.844143450688518385e-15 -5.631503091640715052e-15 -1.576733959747492371e-14 -3.072993045068143490e-15
-5.953054965700447655e-17 4.058506086105268743e-15 -1.649474208014518148e-15 5.815743624885751100e-15 -8.294300232502930083e-15 -1.258397604428357363e-14 -7.251429289606500903e-15 6.572585485214857113e-15 1.789175461406685766e-15 -1.082847662374125272e-14 -3.149470247547214738e-15 -7.943200348394466218e-15 -2.151790378842964591e-14 -7.079355584028591090e-15 -1.863262751308286256e-14 -1.321752014209315508e-14 1.295940958372628838e-14 3.870789316383911364e-15 -3.504046368132000722e-15 1.465059862945666467e-14 -4.482954559864115525e-14 -2.763521092763628112e-14 -1.272719698710801687e-13 2.236469326758357188e-14 0.000000000000000000e+00 7.095172459995852671e-14 -1.230309613699680190e-13 -2.341332172714390511e-14 -6.577039413200143818e-15 8.385551440006368169e-15
3.302424652505357823e-16 4.489559409169125580e-15 3.062564335639179104e-15 3.274614760694786586e-15 1.949299604097241399e-15 -7.838913254104823537e-16 7.066102432462615228e-15 -3.184232612310429228e-15 -5.555894948280724532e-15 2.373943616157881177e-15 4.727681607797143831e-16 1.084585780612285938e-15 -1.108571812298903751e-14 -2.224791344845714744e-15 -1.940826277686208156e-15 2.913086167157357940e-15 -2.560248164810732621e-15 -9.441458269689002340e-15 -5.668003574642090602e-15 -1.106833694060743085e-14 1.724213292255428927e-14 -1.696403400444857492e-15 3.213085375063896824e-14 -2.780989181057143430e-16 -7.095172459995852671e-14 0.000000000000000000e+00 -4.775514621711326541e-13 -9.844701700942287743e-15 3.106538727064645515e-14 1.176358423587171750e-14
9.212026662251787613e-17 4.833706820324947573e-15 6.552705757865893714e-16 -9.524887945120716249e-16 1.089800135326768131e-15 2.408597348531210232e-15 -6.218987056139037292e-15 -5.652360510498643825e-15 -2.175081163234318453e-14 -4.658156878270715246e-16 -1.815116876111234248e-14 -6.431037481194644182e-17 -2.158742851795607489e-15 -1.647736089776357482e-15 -1.168015456044000241e-15 -5.075305255429286366e-15 1.557353941392000321e-14 8.037927792374225635e-15 -1.460019320055000222e-14 1.290552791834330618e-14 1.849357805403000302e-14 -2.201261569196614106e-14 7.119332303506287181e-15 1.844143450688518385e-15 1.230309613699680190e-13 4.775514621711326541e-13 0.000000000000000000e+00 -8.822340553256155044e-14 -4.252132457836372226e-14 1.668506602722378025e-14
-6.952472952642858576e-18 2.528962036523839856e-15 -2.085741885792857573e-17 9.876856888348260841e-16 3.398021155604197375e-16 -9.733462133700002006e-17 -2.500283085594188089e-15 1.651212326252678912e-16 1.023751642276660876e-15 2.356888330945929254e-15 8.403801681507055155e-15 6.852096624389076997e-15 4.381796078403161962e-15 -1.390494590528571715e-15 -3.836026951620697268e-15 -5.061400309524001043e-15 -2.042288929838839707e-16 3.504046368132000722e-15 -2.163957206510089880e-15 -4.950812536621025555e-15 -3.267966458433821726e-14 -3.351091963173857833e-15 1.913668180214946971e-15 5.631503091640715052e-15 2.341332172714390511e-14 9.844701700942287743e-15 8.822340553256155044e-14 0.000000000000000000e+00 1.252922531978151204e-13 2.224791344845714744e-16
-3.180756375834107798e-16 1.944954308501839736e-15 -2.016217156266428987e-15 1.833301938177990841e-14 4.519107419217858074e-17 -1.042870942896428786e-15 -6.945520479690215914e-15 3.954218991815625667e-15 -1.264654830085735916e-14 -5.570668953305090187e-15 2.488985317046143370e-15 4.239270382873982671e-15 -1.506383624057937232e-14 1.280471706052998444e-14 -1.633831143871071805e-14 7.329644610323733998e-15 -6.667421561584501571e-15 -3.763025985617946958e-15 -1.091538253564928757e-14 -7.108360432127897981e-15 -2.294316074372143330e-16 1.472707583193573395e-14 2.488985317046143449e-14 1.576733959747492371e-14 6.577039413200143818e-15 -3.106538727064645515e-14 4.252132457836372226e-14 -1.252922531978151204e-13 0.000000000000000000e+00 -9.725640601628279012e-15
3.128612828689286359e-17 6.265916248569376045e-16 -8.169155719355358826e-17 -2.435103651663161167e-15 5.249117079245358225e-16 1.675545981586928917e-15 -3.841241306335179264e-15 9.733462133700002006e-17 -2.193505216558821979e-15 6.778661128826787111e-16 -3.195747645638244030e-15 3.024325734399643678e-15 4.393962906070286620e-15 -5.364701942083045822e-15 2.024907747457232708e-15 3.111231646307679311e-15 2.057062934863205806e-15 -1.348779752812714564e-15 -2.195645274639557298e-14 5.680170402309215259e-15 -1.712915523707384208e-15 4.776348918465644039e-15 -6.545753284913251053e-15 3.072993045068143490e-15 -8.385551440006368169e-15 -1.176358423587171750e-14 -1.668506602722378025e-14 -2.224791344845714744e-16 9.725640601628279012e-15 0.000000000000000000e+00
