0.000000000000000000e+00 -1.356288423601568748e-13 -3.447453238297488007e-13 3.199528052806243635e-14 1.114481414308650171e-14 -2.878323802394143450e-15 -1.668593508634286058e-15 -2.780989181057143430e-16 1.390494590528571715e-17 -3.684810664900715045e-16 -1.390494590528571715e-16 -1.463495556531321632e-15 -1.911930061976786108e-17 -2.005788446837464600e-15 -1.633831143871071765e-16 1.296636205667893026e-15 1.738118238160714644e-17 -4.241008501112143731e-16 -3.128612828689286359e-17 5.075305255429286760e-16 1.738118238160714644e-17 -3.198137558215714945e-16 -2.155266615319286158e-16 3.789097759190357924e-16 -2.137885432937679012e-16 2.537652627714643380e-16 8.864403014619644684e-17 3.476236476321429288e-18 -1.651212326252678912e-17 8.621066461277144634e-16
1.356288423601568748e-13 0.000000000000000000e+00 -4.083604513464309192e-13 -2.381055126929315543e-12 1.326392789905204547e-13 -1.594480146959113142e-13 4.352248068354429074e-15 -4.998828052950215513e-15 1.099185973812836000e-14 -1.661641035681643200e-15 -1.901501352547821919e-15 6.382370170526144567e-15 8.847021832238037044e-16 1.195825347854571675e-14 -3.719573029663929338e-16 1.659555293795850283e-14 9.385838486067859077e-17 -1.643999135564312012e-14 -1.355732225765357422e-16 -2.247386881941804182e-15 5.353404173535001103e-16 1.800690494734500568e-15 5.809660211052188771e-15 -6.961163543833661902e-15 -8.942618335336877582e-16 1.335048618731244913e-14 7.265334235511787212e-16 1.809728709572936186e-14 9.646556221791966274e-17 -4.390486669593965289e-15
3.447453238297488007e-13 4.083604513464309192e-13 0.000000000000000000e+00 6.897298127290684686e-12 -5.920725966470658284e-14 -1.147714235022283102e-13 -1.423866460701257436e-14 -5.742742658883000789e-15 4.463487635596714811e-15 -4.013315011913089866e-15 -1.077633307659643079e-15 -1.359903709536943059e-14 -1.042870942896428786e-15 -1.616536867401372553e-14 8.342967543171430291e-17 1.731861012503336170e-14 1.703355873397500351e-16 -8.283871523073966091e-15 -1.086323898850446652e-16 8.403801681507055550e-16 6.396275116431429890e-16 5.422928903061429689e-16 3.615285935374286459e-16 3.128612828689286359e-17 -1.798952376496339509e-15 6.675243093656224565e-15 1.051561534087232310e-15 6.837757148924251508e-15 -1.112395672422857372e-16 4.742890142381050442e-15
-3.199528052806243635e-14 2.381055126929315543e-12 -6.897298127290684686e-12 0.000000000000000000e+00 7.334094193013425049e-13 6.273633493546809620e-13 1.436798060393173039e-13 9.726509660747359660e-14 -3.596688070225967025e-14 -3.472760239845107799e-14 9.471006279737733651e-15 2.694083269149107639e-14 3.355437258769259497e-15 3.508913099198850901e-14 -4.866731066850001003e-17 -6.124433423983094573e-14 -3.370211263793625547e-15 1.730122894265175504e-14 -1.508686630723500311e-15 1.566392156230436096e-14 -1.380065881099607329e-15 -5.958269320414929602e-15 -5.468119977253608566e-15 -9.594412674647144834e-16 -1.461757438293160966e-15 -1.556137258625287855e-14 1.390494590528571715e-17 -1.340958220740991333e-14 7.108903594077322401e-16 -1.487829211865571735e-15
-1.114481414308650171e-14 -1.326392789905204547e-13 5.920725966470658284e-14 -7.334094193013425049e-13 0.000000000000000000e+00 -9.564586565680307281e-13 1.087366769793343160e-14 -6.352126913182148043e-14 2.283192117647914677e-14 3.787012017304564928e-14 -3.434521638605572136e-15 1.249098671854197645e-14 3.865574961669429368e-15 5.874839644983215299e-15 -5.979126739272858375e-15 3.769283211275325511e-14 2.252601236656286178e-15 -1.032094609819832425e-14 -2.920038640110000602e-16 -4.143673879775143711e-15 -4.960154922151139723e-16 -2.555033810096250625e-15 3.756073512665304296e-15 6.135557380707322200e-16 5.283879444008572517e-16 3.050397507972054052e-15 -5.909602009746429789e-17 -4.394397435629826786e-15 -1.981454791503214694e-16 1.119348145375500231e-15
2.878323802394143450e-15 1.594480146959113142e-13 1.147714235022283102e-13 -6.273633493546809620e-13 9.564586565680307281e-13 0.000000000000000000e+00 -4.053569830308891986e-12 -3.391972504135398055e-13 7.066702083254781225e-13 3.837765069858857618e-14 -8.774411942838874067e-14 -7.682482612670359160e-14 1.131862596690257455e-14 7.055369552341973435e-14 -3.343096619278318378e-14 -7.004616499787679482e-14 -1.091538253564928757e-14 1.893853632299914597e-14 -1.453849000309529860e-14 -1.351560741993771707e-14 1.038004211829578845e-14 -3.628473907506331139e-14 1.165929714158207442e-14 2.138406868409127152e-14 3.785621522714036396e-15 -3.316329598410643343e-15 1.655340357068310590e-15 5.676694165832893928e-15 4.307056994162250986e-15 4.119340224440893706e-16
1.668593508634286058e-15 -4.352248068354429074e-15 1.423866460701257436e-14 -1.436798060393173039e-13 -1.087366769793343160e-14 4.053569830308891986e-12 0.000000000000000000e+00 -2.198232898166619020e-13 -2.119892432936239341e-12 1.382169004167781813e-13 -1.622707187146843231e-14 -1.129811617169227744e-13 8.662781298993002180e-15 2.245474951879827293e-14 -1.432209428244428945e-14 3.413664219747643758e-15 -9.733462133700002006e-17 -1.499648415885064654e-14 2.704511978578071789e-15 -1.190610993140089521e-14 2.930467349538964988e-15 -1.316450753582925321e-14 -3.746731127135190720e-16 -1.821547913592428947e-15 -1.508686630723500311e-15 2.383829163637419962e-15 8.565446677656001765e-15 -6.330226623381323029e-15 -2.235220054274679131e-15 2.611348841012657760e-14
2.780989181057143430e-16 4.998828052950215513e-15 5.742742658883000789e-15 -9.726509660747359660e-14 6.352126913182148043e-14 3.391972504135398055e-13 2.198232898166619020e-13 0.000000000000000000e+00 -4.297340913210932520e-13 -2.208466938352909270e-12 -1.233716325446475284e-14 -2.562681530344157553e-14 -3.559666151753143591e-15 -5.391642774774536608e-14 5.030114181237108278e-15 -2.866504598374650689e-14 1.625140552680268241e-15 1.863262751308286256e-14 3.235159476688537905e-14 -7.004616499787680114e-15 2.006657505956544933e-14 -1.077980931307275252e-14 6.577039413200143818e-15 -4.519976478336938801e-15 4.586459500946585828e-15 -3.109493528069518646e-14 5.888744590888501411e-15 8.707972373185181056e-15 4.062851381700670406e-15 -2.486899575160350651e-14
-1.390494590528571715e-17 -1.099185973812836000e-14 -4.463487635596714811e-15 3.596688070225967025e-14 -2.283192117647914677e-14 -7.066702083254781225e-13 2.119892432936239341e-12 4.297340913210932520e-13 0.000000000000000000e+00 -4.156876625912212220e-12 5.161515920042058207e-14 -1.779207353310833956e-13 -2.851904405174100469e-14 1.637655003995025332e-13 -5.186544822671572103e-15 4.131854675755651029e-14 1.425256955291786008e-15 2.425370189529461204e-14 2.151095131547700325e-14 2.288058848714764856e-14 1.529544049581428887e-15 1.709439287231062956e-14 -9.538792891026002755e-15 1.484526787213066234e-14 6.380849317067753196e-15 -2.607177357241072163e-15 9.033000483721233363e-15 1.501734157770857452e-15 -3.062564335639179104e-15 5.235212133340072310e-15
3.684810664900715045e-16 1.661641035681643200e-15 4.013315011913089866e-15 3.472760239845107799e-14 -3.787012017304564928e-14 -3.837765069858857618e-14 -1.382169004167781813e-13 2.208466938352909270e-12 4.156876625912212220e-12 0.000000000000000000e+00 -5.719799498139280070e-13 1.243324643067027757e-12 5.524087384522383094e-14 -7.469736940319487411e-14 -4.734199551190246642e-14 3.050745131619686264e-14 -1.022013524038500250e-14 5.534168470303715584e-14 -4.157578825680429823e-15 -1.614364219603671722e-14 -2.035510268710012924e-14 -3.499179637065150544e-14 1.178118268303309424e-14 2.242520150874954162e-14 -8.360348725553036944e-16 -4.186692306169621756e-15 1.042870942896428786e-17 7.786769706960001605e-16 7.960581530776072872e-15 -5.881792117935858749e-15
1.390494590528571715e-16 1.901501352547821919e-15 1.077633307659643079e-15 -9.471006279737733651e-15 3.434521638605572136e-15 8.774411942838874067e-14 1.622707187146843231e-14 1.233716325446475284e-14 -5.161515920042058207e-14 5.719799498139280070e-13 0.000000000000000000e+00 6.304057515187574714e-12 7.034512133484044188e-14 2.669401990167225560e-14 7.981438949634002434e-15 1.938697082844461025e-14 -9.663937404173573815e-15 2.553295691858089960e-14 4.122816460917214938e-15 -1.610887983127350391e-14 -5.311689335819143952e-15 -1.588922513892594352e-14 8.989547527767216730e-15 3.649179241018420222e-15 -4.119340224440893607e-15 7.453051005233144393e-15 3.939010457231719845e-15 2.523747681809357860e-15 -3.135565301641929415e-15 5.042281008904232935e-15
1.463495556531321632e-15 -6.382370170526144567e-15 1.359903709536943059e-14 -2.694083269149107639e-14 -1.249098671854197645e-14 7.682482612670359160e-14 1.129811617169227744e-13 2.562681530344157553e-14 1.779207353310833956e-13 -1.243324643067027757e-12 -6.304057515187574714e-12 0.000000000000000000e+00 -7.597349581365246995e-13 -1.773714899678246001e-13 -8.503222044729848053e-14 5.759428593969343492e-14 2.148314142366643103e-15 -2.297097063553200316e-14 1.558744435982528853e-14 -7.911914220107572665e-15 5.218374112907890865e-15 3.794659737552472487e-14 4.204508018110768576e-15 1.531629791467221843e-14 5.909602009746429789e-16 2.133366325518461223e-14 3.152946484023536463e-15 2.654497626274997539e-14 5.061400309524001043e-15 -8.926975271193429622e-15
1.911930061976786108e-17 -8.847021832238037044e-16 1.042870942896428786e-15 -3.355437258769259497e-15 -3.865574961669429368e-15 -1.131862596690257455e-14 -8.662781298993002180e-15 3.559666151753143591e-15 2.851904405174100469e-14 -5.524087384522383094e-14 -7.034512133484044188e-14 7.597349581365246995e-13 0.000000000000000000e+00 1.709474049595826043e-13 5.806705410047314851e-14 -2.870676082146236286e-14 4.477392581502000923e-15 -5.666265456403929936e-14 -3.976814528911715105e-15 2.260031692124423181e-14 1.487829211865571735e-15 -1.599068779107857472e-15 -3.677858191948071989e-15 8.869617369334126088e-15 3.657000773090144005e-15 -1.687017561958789742e-14 2.238696290751000461e-15 8.660174121635761182e-15 -5.472356640459124596e-16 -5.596740726877501153e-16
2.005788446837464600e-15 -1.195825347854571675e-14 1.616536867401372553e-14 -3.508913099198850901e-14 -5.874839644983215299e-15 -7.055369552341973435e-14 -2.245474951879827293e-14 5.391642774774536608e-14 -1.637655003995025332e-13 7.469736940319487411e-14 -2.669401990167225560e-14 1.773714899678246001e-13 -1.709474049595826043e-13 0.000000000000000000e+00 4.099317102337282112e-13 5.078642442446555664e-13 -1.167459258207788765e-13 -7.786074459664737339e-14 -1.871622013709940285e-14 -4.056072720571843496e-14 6.702183926347715667e-15 -2.956191499463743545e-14 1.893506008652282464e-14 4.380057960165001297e-15 -1.115871908899178861e-14 -4.380057960165001297e-15 -4.282723338828000883e-15 -4.898017195136893768e-15 2.659320904385893405e-16 3.140453759186756286e-15
1.633831143871071765e-16 3.719573029663929338e-16 -8.342967543171430291e-17 4.866731066850001003e-17 5.979126739272858375e-15 3.343096619278318378e-14 1.432209428244428945e-14 -5.030114181237108278e-15 5.186544822671572103e-15 4.734199551190246642e-14 -7.981438949634002434e-15 8.503222044729848053e-14 -5.806705410047314851e-14 -4.099317102337282112e-13 0.000000000000000000e+00 2.698586733504181923e-12 3.465112519597200872e-14 -9.872294327973088305e-15 4.171483771585715145e-15 -1.233977043182199384e-14 7.272286708464430465e-15 -1.848141122636287836e-14 -1.411352009386500291e-15 -3.083421754497107877e-15 2.989563369636429188e-15 -5.991293566939983032e-15 1.265350077381000261e-15 7.202761978938002273e-15 4.171483771585715145e-17 1.294898087429732360e-15
-1.296636205667893026e-15 -1.659555293795850283e-14 -1.731861012503336170e-14 6.124433423983094573e-14 -3.769283211275325511e-14 7.004616499787679482e-14 -3.413664219747643758e-15 2.866504598374650689e-14 -4.131854675755651029e-14 -3.050745131619686264e-14 -1.938697082844461025e-14 -5.759428593969343492e-14 2.870676082146236286e-14 -5.078642442446555664e-13 -2.698586733504181923e-12 0.000000000000000000e+00 -2.935199376442357415e-13 -1.868824729670400385e-13 -1.958859254407125453e-15 -1.181364204113074592e-13 -1.482614857151089503e-14 -1.877167697213571815e-15 -8.125702763401340812e-15 -1.792716877316938043e-14 -2.019693392742750318e-15 1.505210394247178783e-14 -4.489559409169125580e-15 2.016217156266428987e-16 3.191185085263072283e-15 -3.045183153257572056e-15
-1.738118238160714644e-17 -9.385838486067859077e-17 -1.703355873397500351e-16 3.370211263793625547e-15 -2.252601236656286178e-15 1.091538253564928757e-14 9.733462133700002006e-17 -1.625140552680268241e-15 -1.425256955291786008e-15 1.022013524038500250e-14 9.663937404173573815e-15 -2.148314142366643103e-15 -4.477392581502000923e-15 1.167459258207788765e-13 -3.465112519597200872e-14 2.935199376442357415e-13 0.000000000000000000e+00 7.865332651324866202e-14 -2.052370015620171694e-14 -2.547386089848343382e-14 1.540668006305657303e-14 2.742750579817607609e-15 3.531856259942572156e-15 1.303154149060995718e-15 6.952472952642858576e-17 -5.664527338165769271e-15 -1.724213292255428927e-15 4.180174362776518472e-15 -2.245648763703643517e-15 -1.493043566580053928e-15
4.241008501112143731e-16 1.643999135564312012e-14 8.283871523073966091e-15 -1.730122894265175504e-14 1.032094609819832425e-14 -1.893853632299914597e-14 1.499648415885064654e-14 -1.863262751308286256e-14 -2.425370189529461204e-14 -5.534168470303715584e-14 -2.553295691858089960e-14 2.297097063553200316e-14 5.666265456403929936e-14 7.786074459664737339e-14 9.872294327973088305e-15 1.868824729670400385e-13 -7.865332651324866202e-14 0.000000000000000000e+00 -5.681795542861895734e-13 -6.346217311172401781e-14 -2.473168441078880763e-14 -7.814579598770572250e-15 -2.250863118418125513e-15 6.229415765568001284e-15 8.031844378540661729e-15 2.233134312388886253e-14 6.585730004390947934e-15 -1.194434853264043143e-14 -1.039133988684383277e-14 1.156196252024507401e-14
3.128612828689286359e-17 1.355732225765357422e-16 1.086323898850446652e-16 1.508686630723500311e-15 2.920038640110000602e-16 1.453849000309529860e-14 -2.704511978578071789e-15 -3.235159476688537905e-14 -2.151095131547700325e-14 4.157578825680429823e-15 -4.122816460917214938e-15 -1.558744435982528853e-14 3.976814528911715105e-15 1.871622013709940285e-14 -4.171483771585715145e-15 1.958859254407125453e-15 2.052370015620171694e-14 5.681795542861895734e-13 0.000000000000000000e+00 1.060199981730891077e-13 9.177264297488573320e-15 2.052717639267804142e-14 -8.370777434982000936e-15 2.173690668643789605e-14 9.900321484563430612e-15 -1.111005177832328840e-14 -1.668593508634286058e-16 -1.747330264822966407e-14 1.001156105180571635e-15 4.873249010243103498e-16
-5.075305255429286760e-16 2.247386881941804182e-15 -8.403801681507055550e-16 -1.566392156230436096e-14 4.143673879775143711e-15 1.351560741993771707e-14 1.190610993140089521e-14 7.004616499787680114e-15 -2.288058848714764856e-14 1.614364219603671722e-14 1.610887983127350391e-14 7.911914220107572665e-15 -2.260031692124423181e-14 4.056072720571843496e-14 1.233977043182199384e-14 1.181364204113074592e-13 2.547386089848343382e-14 6.346217311172401781e-14 -1.060199981730891077e-13 0.000000000000000000e+00 1.171126687690308021e-13 -1.200274930544263136e-13 -4.663371232985197636e-15 -1.213901777531443068e-14 4.986661225283090067e-15 -2.377745749803857633e-15 1.706136862578557376e-14 2.172647797700893206e-14 2.187856332284799620e-16 -1.208339799169328781e-14
-1.738118238160714644e-17 -5.353404173535001103e-16 -6.396275116431429890e-16 1.380065881099607329e-15 4.960154922151139723e-16 -1.038004211829578845e-14 -2.930467349538964988e-15 -2.006657505956544933e-14 -1.529544049581428887e-15 2.035510268710012924e-14 5.311689335819143952e-15 -5.218374112907890865e-15 -1.487829211865571735e-15 -6.702183926347715667e-15 -7.272286708464430465e-15 1.482614857151089503e-14 -1.540668006305657303e-14 2.473168441078880763e-14 -9.177264297488573320e-15 -1.171126687690308021e-13 0.000000000000000000e+00 -5.440483897266853198e-14 1.968940340188457549e-14 2.557467175629675557e-14 5.061400309524001043e-15 3.786490581833116728e-15 -1.084585780612285938e-15 -6.180096660560191221e-16 1.640783616823714624e-15 -7.439146059327859070e-15
3.198137558215714945e-16 -1.800690494734500568e-15 -5.422928903061429689e-16 5.958269320414929602e-15 2.555033810096250625e-15 3.628473907506331139e-14 1.316450753582925321e-14 1.077980931307275252e-14 -1.709439287231062956e-14 3.499179637065150544e-14 1.588922513892594352e-14 -3.794659737552472487e-14 1.599068779107857472e-15 2.956191499463743545e-14 1.848141122636287836e-14 1.877167697213571815e-15 -2.742750579817607609e-15 7.814579598770572250e-15 -2.052717639267804142e-14 1.200274930544263136e-13 5.440483897266853198e-14 0.000000000000000000e+00 -1.272902201125808683e-13 2.088522874973914795e-14 -2.042810365310288034e-14 -8.621066461277144634e-15 1.311453663648213250e-14 2.704511978578071946e-14 -6.236368238520643945e-15 3.045183153257572056e-15
2.155266615319286158e-16 -5.809660211052188771e-15 -3.615285935374286459e-16 5.468119977253608566e-15 -3.756073512665304296e-15 -1.165929714158207442e-14 3.746731127135190720e-16 -6.577039413200143818e-15 9.538792891026002755e-15 -1.178118268303309424e-14 -8.989547527767216730e-15 -4.204508018110768576e-15 3.677858191948071989e-15 -1.893506008652282464e-14 1.411352009386500291e-15 8.125702763401340812e-15 -3.531856259942572156e-15 2.250863118418125513e-15 8.370777434982000936e-15 4.663371232985197636e-15 -1.968940340188457549e-14 1.272902201125808683e-13 0.000000000000000000e+00 -1.158629617557932332e-14 5.446567311100415526e-14 -7.372500088133383692e-15 -1.547620479258300279e-14 -1.273693044924171691e-14 7.174952087127430050e-15 8.540243963202672118e-15
-3.789097759190357924e-16 6.961163543833661902e-15 -3.128612828689286359e-17 9.594412674647144834e-16 -6.135557380707322200e-16 -2.138406868409127152e-14 1.821547913592428947e-15 4.519976478336938801e-15 -1.484526787213066234e-14 -2.242520150874954162e-14 -3.649179241018420222e-15 -1.531629791467221843e-14 -8.869617369334126088e-15 -4.380057960165001297e-15 3.083421754497107877e-15 1.792716877316938043e-14 -1.303154149060995718e-15 -6.229415765568001284e-15 -2.173690668643789605e-14 1.213901777531443068e-14 -2.557467175629675557e-14 -2.088522874973914795e-14 1.158629617557932332e-14 0.000000000000000000e+00 -2.407651160415311803e-13 5.392338022069800875e-14 -3.887735969205978640e-14 7.508670788854287262e-16 -1.875429578975411229e-14 -2.468127898188214834e-14
2.137885432937679012e-16 8.942618335336877582e-16 1.798952376496339509e-15 1.461757438293160966e-15 -5.283879444008572517e-16 -3.785621522714036396e-15 1.508686630723500311e-15 -4.586459500946585828e-15 -6.380849317067753196e-15 8.360348725553036944e-16 4.119340224440893607e-15 -5.909602009746429789e-16 -3.657000773090144005e-15 1.115871908899178861e-14 -2.989563369636429188e-15 2.019693392742750318e-15 -6.952472952642858576e-17 -8.031844378540661729e-15 -9.900321484563430612e-15 -4.986661225283090067e-15 -5.061400309524001043e-15 2.042810365310288034e-14 -5.446567311100415526e-14 2.407651160415311803e-13 0.000000000000000000e+00 -5.421364596647085248e-14 1.668593508634286058e-16 -2.987825251398268522e-15 4.783301391418286700e-15 1.882555863751869957e-14
-2.537652627714643380e-16 -1.335048618731244913e-14 -6.675243093656224565e-15 1.556137258625287855e-14 -3.050397507972054052e-15 3.316329598410643343e-15 -2.383829163637419962e-15 3.109493528069518646e-14 2.607177357241072163e-15 4.186692306169621756e-15 -7.453051005233144393e-15 -2.133366325518461223e-14 1.687017561958789742e-14 4.380057960165001297e-15 5.991293566939983032e-15 -1.505210394247178783e-14 5.664527338165769271e-15 -2.233134312388886253e-14 1.111005177832328840e-14 2.377745749803857633e-15 -3.786490581833116728e-15 8.621066461277144634e-15 7.372500088133383692e-15 -5.392338022069800875e-14 5.421364596647085248e-14 0.000000000000000000e+00 -6.724605651619988723e-14 8.865793509210172940e-14 2.076442953218697855e-14 1.486438717275043282e-14
-8.864403014619644684e-17 -7.265334235511787212e-16 -1.051561534087232310e-15 -1.390494590528571715e-17 5.909602009746429789e-17 -1.655340357068310590e-15 -8.565446677656001765e-15 -5.888744590888501411e-15 -9.033000483721233363e-15 -1.042870942896428786e-17 -3.939010457231719845e-15 -3.152946484023536463e-15 -2.238696290751000461e-15 4.282723338828000883e-15 -1.265350077381000261e-15 4.489559409169125580e-15 1.724213292255428927e-15 -6.585730004390947934e-15 1.668593508634286058e-16 -1.706136862578557376e-14 1.084585780612285938e-15 -1.311453663648213250e-14 1.547620479258300279e-14 3.887735969205978640e-14 -1.668593508634286058e-16 6.724605651619988723e-14 0.000000000000000000e+00 1.094840678217434179e-14 -2.502890262951429087e-15 1.105964634941662753e-14
-3.476236476321429288e-18 -1.809728709572936186e-14 -6.837757148924251508e-15 1.340958220740991333e-14 4.394397435629826786e-15 -5.676694165832893928e-15 6.330226623381323029e-15 -8.707972373185181056e-15 -1.501734157770857452e-15 -7.786769706960001605e-16 -2.523747681809357860e-15 -2.654497626274997539e-14 -8.660174121635761182e-15 4.898017195136893768e-15 -7.202761978938002273e-15 -2.016217156266428987e-16 -4.180174362776518472e-15 1.194434853264043143e-14 1.747330264822966407e-14 -2.172647797700893206e-14 6.180096660560191221e-16 -2.704511978578071946e-14 1.273693044924171691e-14 -7.508670788854287262e-16 2.987825251398268522e-15 -8.865793509210172940e-14 -1.094840678217434179e-14 0.000000000000000000e+00 -8.007532449684389107e-14 -2.066274961525457648e-14
1.651212326252678912e-17 -9.646556221791966274e-17 1.112395672422857372e-16 -7.108903594077322401e-16 1.981454791503214694e-16 -4.307056994162250986e-15 2.235220054274679131e-15 -4.062851381700670406e-15 3.062564335639179104e-15 -7.960581530776072872e-15 3.135565301641929415e-15 -5.061400309524001043e-15 5.472356640459124596e-16 -2.659320904385893405e-16 -4.171483771585715145e-17 -3.191185085263072283e-15 2.245648763703643517e-15 1.039133988684383277e-14 -1.001156105180571635e-15 -2.187856332284799620e-16 -1.640783616823714624e-15 6.236368238520643945e-15 -7.174952087127430050e-15 1.875429578975411229e-14 -4.783301391418286700e-15 -2.076442953218697855e-14 2.502890262951429087e-15 8.007532449684389107e-14 0.000000000000000000e+00 -5.044019127142393601e-15
-8.621066461277144634e-16 4.390486669593965289e-15 -4.742890142381050442e-15 1.487829211865571735e-15 -1.119348145375500231e-15 -4.119340224440893706e-16 -2.611348841012657760e-14 2.486899575160350651e-14 -5.235212133340072310e-15 5.881792117935858749e-15 -5.042281008904232935e-15 8.926975271193429622e-15 5.596740726877501153e-16 -3.140453759186756286e-15 -1.294898087429732360e-15 3.045183153257572056e-15 1.493043566580053928e-15 -1.156196252024507401e-14 -4.873249010243103498e-16 1.208339799169328781e-14 7.439146059327859070e-15 -3.045183153257572056e-15 -8.540243963202672118e-15 2.468127898188214834e-14 -1.882555863751869957e-14 -1.486438717275043282e-14 -1.105964634941662753e-14 2.066274961525457648e-14 5.044019127142393601e-15 0.000000000000000000e+00
