0.000000000000000000e+00 2.898346924497754962e-13 1.907758578205200551e-14 4.129768933869857599e-15 -1.523982071219314600e-14 -4.338343122449143751e-15 5.840077280220001204e-15 4.101959042059286560e-16 -2.711464451530714844e-16 -1.042870942896428786e-17 8.064868625065715948e-16 -1.320969861002143129e-16 -7.161047141222144333e-16 4.866731066850001003e-17 -5.909602009746429789e-17 4.866731066850001003e-17 9.629175039410358141e-16 1.738118238160714644e-17 4.380057960165000903e-16 6.257225657378572718e-17 5.249117079245358225e-16 -7.300096600275001504e-17 -1.101966962993892986e-15 1.216682766712500251e-16 -2.920038640110000602e-16 6.952472952642858576e-18 -3.093850463926072066e-16 -7.647720247907144433e-17 -1.301850560382375219e-15 4.345295595401786610e-17
-2.898346924497754962e-13 0.000000000000000000e+00 -7.564290572475430130e-14 -1.571258887297286149e-13 2.673990622315969716e-13 4.587241654153757970e-14 -1.188073340512375013e-13 -2.822704018773000582e-15 4.491297527407287034e-15 -5.392511833893617059e-16 -1.456195459931046758e-14 1.362684698718000281e-15 9.905535839277912608e-15 -1.320969861002143129e-16 -1.374851526385125333e-15 -1.515639103676143169e-15 -5.336022991153394450e-16 -3.650048300137500752e-16 6.465799845957858081e-15 -1.315755506287660936e-15 5.323856163486268609e-15 2.780989181057143430e-17 1.161497512650897588e-14 -2.042288929838839756e-15 -5.268236379865125741e-15 -3.515344136680045244e-16 1.000808481532939502e-14 1.157586746615035854e-15 1.025663572338637647e-14 1.112395672422857372e-16
-1.907758578205200551e-14 7.564290572475430130e-14 0.000000000000000000e+00 2.387479211937557564e-13 -2.300156151652363213e-13 -1.926530255177336052e-14 1.128942558050147411e-13 -3.267662287742143531e-15 -8.655828826040359518e-15 1.032442233467464400e-15 1.977283307731629058e-14 -7.439146059327858676e-16 -1.363032322365632414e-14 -3.684810664900715045e-16 4.680752415366804290e-15 1.903239470785982584e-15 -3.246804868884215152e-15 4.901493431613215296e-16 -1.022448053598040416e-14 1.564306414344643180e-15 -8.544589258798073781e-15 5.214354714482143932e-18 -6.664814384227260573e-15 1.755499420542321692e-15 7.468694069376590381e-15 3.980290765388036535e-16 -1.087975111176699393e-14 -1.265350077381000261e-15 -4.630346986460143417e-15 -4.206246136348929438e-16
-4.129768933869857599e-15 1.571258887297286149e-13 -2.387479211937557564e-13 0.000000000000000000e+00 -5.160090663086765956e-13 1.422754065028834610e-13 1.707005921697637898e-13 1.535106027943543173e-14 -5.661051101689447309e-14 1.099881221108100266e-14 9.943774440517447876e-14 3.818645769239089826e-15 -3.493183129143496248e-14 7.925819166012858776e-16 5.288572363251606629e-14 4.745062790178751274e-15 -7.682482612670358529e-15 1.972764200312411170e-15 -6.288511785665465483e-15 4.464791224275336099e-15 -7.470432187614751046e-15 -2.002312210361143270e-15 1.262916711847575250e-14 -3.302424652505357823e-17 -2.880061920632304116e-15 1.983192909741375557e-15 -1.237192561922796615e-14 -1.300112442144214554e-15 6.652647556560134930e-16 -1.772880602923928937e-16
1.523982071219314600e-14 -2.673990622315969716e-13 2.300156151652363213e-13 5.160090663086765956e-13 0.000000000000000000e+00 2.317398284574917518e-13 2.622472797736886334e-14 4.525364644875236390e-14 -2.908914683385772186e-14 1.212511282940914536e-14 1.330008075840578826e-14 5.580228603614974635e-15 2.501499768360900555e-14 8.447254637461073169e-16 1.815290687935050315e-14 -2.850513910583572016e-16 -2.070446445297043244e-14 1.402661418195696767e-15 1.376589644623285998e-15 -2.746226816293929137e-16 -5.873101526745054634e-15 1.411352009386500291e-15 1.894548879595178863e-14 -1.950168663216321732e-15 -3.618762171850607790e-15 8.690591190803573220e-16 8.377729907934644584e-16 -9.342385530113841211e-18 8.817908351748846294e-15 -5.005780525902858174e-16
4.338343122449143751e-15 -4.587241654153757970e-14 1.926530255177336052e-14 -1.422754065028834610e-13 -2.317398284574917518e-13 0.000000000000000000e+00 1.571328412026812575e-13 -2.536262133124114556e-13 -1.990701580530229773e-13 1.989797759046386164e-14 1.482588785377517156e-13 -9.997656105900431026e-15 -3.811345672638814874e-14 1.172013127991769929e-14 9.030567118187809063e-14 -1.383542117575928857e-15 -7.713768740957252083e-15 -3.733477975569214858e-15 -3.322586824068021896e-14 9.622222566457716269e-15 -1.414828245862821661e-14 -5.542424531934978587e-15 -1.212858906588546669e-14 -2.558510046572571956e-15 -2.958277241349536344e-14 3.257233578313179144e-15 8.933927744146073861e-15 1.199301584330893006e-15 1.764885259028389758e-14 -6.144247971898126316e-15
-5.840077280220001204e-15 1.188073340512375013e-13 -1.128942558050147411e-13 -1.707005921697637898e-13 -2.622472797736886334e-14 -1.571328412026812575e-13 0.000000000000000000e+00 1.311723071975128027e-13 -3.504046368132000722e-15 -6.891334643615554963e-14 1.733112457634811849e-13 -1.961987867235814572e-14 -6.656297604860273313e-14 -4.411344088451894062e-15 5.307517852047558513e-14 -3.323282071363286399e-15 6.218987056139037292e-14 -4.661633114747036971e-15 2.034293585943300459e-14 -3.486665185750393674e-15 1.844491074336150439e-14 -5.746218895359322909e-15 5.639107358932668357e-16 5.979126739272858375e-16 1.750285065827839538e-14 -5.373827062833389315e-15 -9.260693972920286834e-15 6.707398281062197663e-15 -5.920030719175394176e-15 6.373679579335340451e-15
-4.101959042059286560e-16 2.822704018773000582e-15 3.267662287742143531e-15 -1.535106027943543173e-14 -4.525364644875236390e-14 2.536262133124114556e-13 -1.311723071975128027e-13 0.000000000000000000e+00 2.768382609475763721e-12 5.664874961813401404e-14 1.308837795699781322e-13 5.308908346638087045e-14 4.829882960200993793e-14 9.497078053310145209e-15 9.424077087307394109e-15 3.212042504121000662e-15 1.565001661639907564e-14 -7.522575734759572584e-15 2.283887364943178943e-15 -8.760115920330002594e-15 -1.424387896172705636e-14 -1.619926197965786048e-15 5.968698029843894383e-15 -3.456682646142121408e-15 -1.012432147250639267e-14 -4.936255796376429983e-15 -6.483181028339465129e-16 -1.400923299957536102e-15 -5.953054965700447409e-16 1.213206530236178723e-15
2.711464451530714844e-16 -4.491297527407287034e-15 8.655828826040359518e-15 5.661051101689447309e-14 2.908914683385772186e-14 1.990701580530229773e-13 3.504046368132000722e-15 -2.768382609475763721e-12 0.000000000000000000e+00 4.919222237642454390e-13 -4.236280819504346579e-13 -4.888283733003194042e-14 -1.053994899620657439e-14 3.745992426883971964e-14 1.069290340116471609e-13 -6.504038447197394296e-15 -8.290128748731344171e-14 -1.466971793007643199e-14 1.017842040266914495e-14 -6.980282844453430010e-15 8.419444745650501143e-15 3.218994977073643718e-15 1.912625309272050414e-14 -9.730420426783220842e-15 8.246501980953510209e-15 6.055603941751930017e-15 -7.119332303506287181e-15 4.188864953967322588e-15 -3.663953246042786667e-15 9.976798687042503042e-16
1.042870942896428786e-17 5.392511833893617059e-16 -1.032442233467464400e-15 -1.099881221108100266e-14 -1.212511282940914536e-14 -1.989797759046386164e-14 6.891334643615554963e-14 -5.664874961813401404e-14 -4.919222237642454390e-13 0.000000000000000000e+00 1.876090063905912219e-13 -1.046486228831803049e-13 1.263820533331418828e-13 5.561978362114286860e-15 5.638803188240990162e-14 1.416218740453350351e-14 1.933656539953795096e-14 2.780989181057143430e-15 5.634979328117037171e-15 9.594412674647144834e-16 -1.590725811564686042e-14 5.714932767072430144e-15 2.750898009058985965e-14 -3.205090031168357606e-15 8.925237152955268957e-15 1.337481984264669845e-15 -8.823557236022868457e-15 2.987825251398268522e-15 1.348779752812714564e-15 -6.882948223116429990e-16
-8.064868625065715948e-16 1.456195459931046758e-14 -1.977283307731629058e-14 -9.943774440517447876e-14 -1.330008075840578826e-14 -1.482588785377517156e-13 -1.733112457634811849e-13 -1.308837795699781322e-13 4.236280819504346579e-13 -1.876090063905912219e-13 0.000000000000000000e+00 5.198016403043433441e-14 1.569868392706757364e-13 -1.585424550938296013e-14 8.779582844597401415e-14 5.165687403813643803e-14 8.017591808987744273e-14 -3.372297005679418818e-14 1.832671870316657599e-14 -2.905438446909450855e-14 -3.481103207388278993e-14 1.004306444487237999e-14 -1.713784582826464619e-14 -2.143099787652161107e-15 -2.110075541127107676e-15 -6.634397315059448141e-15 7.405687283243264685e-15 1.020275405800339545e-15 2.731626623093379272e-14 -2.448574068008906718e-15
1.320969861002143129e-16 -1.362684698718000281e-15 7.439146059327858676e-16 -3.818645769239089826e-15 -5.580228603614974635e-15 9.997656105900431026e-15 1.961987867235814572e-14 -5.308908346638087045e-14 4.888283733003194042e-14 1.046486228831803049e-13 -5.198016403043433441e-14 0.000000000000000000e+00 4.963718064539368811e-14 2.600224884288429186e-14 -3.768935587627693377e-14 4.449582689691429488e-16 -2.633422942637298841e-14 -1.112395672422857372e-15 -1.057471136096978770e-14 -5.353404173535000709e-15 -8.551107202191176276e-15 2.141361669414000441e-15 -9.688271059507823129e-15 1.703355873397500351e-15 5.108329501954340585e-15 -1.877167697213571815e-15 1.270564432095482454e-15 4.484236422064758542e-15 -9.507506762739109595e-16 -9.750843316081608659e-16
7.161047141222144333e-16 -9.905535839277912608e-15 1.363032322365632414e-14 3.493183129143496248e-14 -2.501499768360900555e-14 3.811345672638814874e-14 6.656297604860273313e-14 -4.829882960200993793e-14 1.053994899620657439e-14 -1.263820533331418828e-13 -1.569868392706757364e-13 -4.963718064539368811e-14 0.000000000000000000e+00 4.270556511160875910e-14 -3.442586507230637639e-13 1.958859254407125374e-14 -2.235915301569943318e-14 -1.174967928996643099e-15 -5.347842195172886580e-14 1.606673046399810580e-15 5.635674575412300964e-14 5.551549652685322868e-15 3.686201159491243814e-14 1.606021252060500331e-15 -2.347154868812229055e-14 -6.674374034537144233e-15 9.142501932725358435e-15 -3.716096793187608204e-15 -4.296628284733286205e-15 -5.301260626390179171e-16
-4.866731066850001003e-17 1.320969861002143129e-16 3.684810664900715045e-16 -7.925819166012858776e-16 -8.447254637461073169e-16 -1.172013127991769929e-14 4.411344088451894062e-15 -9.497078053310145209e-15 -3.745992426883971964e-14 -5.561978362114286860e-15 1.585424550938296013e-14 -2.600224884288429186e-14 -4.270556511160875910e-14 0.000000000000000000e+00 -1.165547328145812033e-13 -1.279255023286285978e-14 1.181225154654021613e-14 1.201387326216685962e-14 1.924118616121888129e-14 9.608317620552430946e-15 -1.710482158173959355e-14 5.019685471808143497e-15 -3.329191673373033056e-14 1.411352009386500291e-15 1.085976275202814470e-14 4.776348918465644039e-15 4.276639924994438554e-15 1.105443199470214514e-15 1.336612925145589512e-14 -6.674917196486569441e-16
5.909602009746429789e-17 1.374851526385125333e-15 -4.680752415366804290e-15 -5.288572363251606629e-14 -1.815290687935050315e-14 -9.030567118187809063e-14 -5.307517852047558513e-14 -9.424077087307394109e-15 -1.069290340116471609e-13 -5.638803188240990162e-14 -8.779582844597401415e-14 3.768935587627693377e-14 3.442586507230637639e-13 1.165547328145812033e-13 0.000000000000000000e+00 -1.320987242184524626e-13 1.263403384954260268e-13 4.866622434460115804e-14 -2.196981453035143468e-14 1.902891847138350372e-14 1.932787480834714763e-14 -9.581376787860939055e-15 -1.638002627642657402e-14 8.617590224800823303e-15 1.219463755893557355e-14 -8.548065495274395112e-15 6.375417697573501117e-15 -8.191751256451447673e-15 9.385838486067859077e-16 7.130630072054331506e-15
-4.866731066850001003e-17 1.515639103676143169e-15 -1.903239470785982584e-15 -4.745062790178751274e-15 2.850513910583572016e-16 1.383542117575928857e-15 3.323282071363286399e-15 -3.212042504121000662e-15 6.504038447197394296e-15 -1.416218740453350351e-14 -5.165687403813643803e-14 -4.449582689691429488e-16 -1.958859254407125374e-14 1.279255023286285978e-14 1.320987242184524626e-13 0.000000000000000000e+00 -7.468057266307084655e-12 -2.536262133124114808e-14 1.955035394283171910e-14 -7.063712519885144313e-15 3.437997875081893467e-15 5.450738794872001123e-15 1.865696116841711188e-14 0.000000000000000000e+00 1.476183819669895041e-14 3.573571097658428913e-15 3.799526468619322507e-15 -2.224791344845714744e-16 6.257225657378572718e-17 5.214354714482143932e-17
-9.629175039410358141e-16 5.336022991153394450e-16 3.246804868884215152e-15 7.682482612670358529e-15 2.070446445297043244e-14 7.713768740957252083e-15 -6.218987056139037292e-14 -1.565001661639907564e-14 8.290128748731344171e-14 -1.933656539953795096e-14 -8.017591808987744273e-14 2.633422942637298841e-14 2.235915301569943318e-14 -1.181225154654021613e-14 -1.263403384954260268e-13 7.468057266307084655e-12 0.000000000000000000e+00 8.018287056283008539e-14 9.739024112062116450e-14 -1.531803603291037909e-14 -2.995125347998543711e-14 7.557338099522787469e-15 -3.830812596906214957e-14 1.129603042980648432e-14 1.891072643118857533e-15 6.008674749321590475e-15 6.875995750163786934e-15 1.291074227305778818e-14 2.359669320126986161e-14 8.568922914132322701e-16
-1.738118238160714644e-17 3.650048300137500752e-16 -4.901493431613215296e-16 -1.972764200312411170e-15 -1.402661418195696767e-15 3.733477975569214858e-15 4.661633114747036971e-15 7.522575734759572584e-15 1.466971793007643199e-14 -2.780989181057143430e-15 3.372297005679418818e-14 1.112395672422857372e-15 1.174967928996643099e-15 -1.201387326216685962e-14 -4.866622434460115804e-14 2.536262133124114808e-14 -8.018287056283008539e-14 0.000000000000000000e+00 1.236836247683973615e-13 6.285035549189144152e-15 -6.491871619530268850e-15 1.005327588952157389e-14 1.858917455712884277e-14 -3.893384853480000802e-16 1.989797759046386164e-14 3.893384853480000802e-16 2.960015359587697088e-15 -3.371949382031786212e-15 -6.198129637281108519e-15 5.589788253924858295e-15
-4.380057960165000903e-16 -6.465799845957858081e-15 1.022448053598040416e-14 6.288511785665465483e-15 -1.376589644623285998e-15 3.322586824068021896e-14 -2.034293585943300459e-14 -2.283887364943178943e-15 -1.017842040266914495e-14 -5.634979328117037171e-15 -1.832671870316657599e-14 1.057471136096978770e-14 5.347842195172886580e-14 -1.924118616121888129e-14 2.196981453035143468e-14 -1.955035394283171910e-14 -9.739024112062116450e-14 -1.236836247683973615e-13 0.000000000000000000e+00 -6.098187838586867264e-14 1.151329520957657285e-13 -9.246789027015001511e-15 2.336030912088000481e-15 1.847619687164839637e-14 -2.049589026439114629e-14 -1.034354163529441290e-14 6.118176198325715547e-16 -3.823860123953572217e-17 1.471838524074493062e-14 -2.121590574454922479e-15
-6.257225657378572718e-17 1.315755506287660936e-15 -1.564306414344643180e-15 -4.464791224275336099e-15 2.746226816293929137e-16 -9.622222566457716269e-15 3.486665185750393674e-15 8.760115920330002594e-15 6.980282844453430010e-15 -9.594412674647144834e-16 2.905438446909450855e-14 5.353404173535000709e-15 -1.606673046399810580e-15 -9.608317620552430946e-15 -1.902891847138350372e-14 7.063712519885144313e-15 1.531803603291037909e-14 -6.285035549189144152e-15 6.098187838586867264e-14 0.000000000000000000e+00 -5.021334946016158423e-12 2.605786862650543315e-14 -2.468127898188214834e-14 -1.918882534929428967e-15 -2.811753873872588153e-14 3.337187017268572116e-15 6.613539896201519368e-15 -5.158734930861001458e-15 -9.379320542674756582e-16 1.112395672422857372e-16
-5.249117079245358225e-16 -5.323856163486268609e-15 8.544589258798073781e-15 7.470432187614751046e-15 5.873101526745054634e-15 1.414828245862821661e-14 -1.844491074336150439e-14 1.424387896172705636e-14 -8.419444745650501143e-15 1.590725811564686042e-14 3.481103207388278993e-14 8.551107202191176276e-15 -5.635674575412300964e-14 1.710482158173959355e-14 -1.932787480834714763e-14 -3.437997875081893467e-15 2.995125347998543711e-14 6.491871619530268850e-15 -1.151329520957657285e-13 5.021334946016158423e-12 0.000000000000000000e+00 9.132420846944026576e-14 8.265099846101830590e-14 6.255487539140412053e-15 6.674374034537144233e-16 2.919691016462368311e-14 3.267662287742143531e-15 7.098868677061692276e-15 8.991285646005377395e-15 -4.119340224440893706e-16
7.300096600275001504e-17 -2.780989181057143430e-17 -5.214354714482143932e-18 2.002312210361143270e-15 -1.411352009386500291e-15 5.542424531934978587e-15 5.746218895359322909e-15 1.619926197965786048e-15 -3.218994977073643718e-15 -5.714932767072430144e-15 -1.004306444487237999e-14 -2.141361669414000441e-15 -5.551549652685322868e-15 -5.019685471808143497e-15 9.581376787860939055e-15 -5.450738794872001123e-15 -7.557338099522787469e-15 -1.005327588952157389e-14 9.246789027015001511e-15 -2.605786862650543315e-14 -9.132420846944026576e-14 0.000000000000000000e+00 1.267896420599905714e-13 -1.771490108333400286e-14 1.043913813839325264e-14 -6.382370170526144567e-15 -2.941765118087009412e-16 8.245632921834429876e-15 -1.503732993744742217e-14 -1.460019320055000301e-15
1.101966962993892986e-15 -1.161497512650897588e-14 6.664814384227260573e-15 -1.262916711847575250e-14 -1.894548879595178863e-14 1.212858906588546669e-14 -5.639107358932668357e-16 -5.968698029843894383e-15 -1.912625309272050414e-14 -2.750898009058985965e-14 1.713784582826464619e-14 9.688271059507823129e-15 -3.686201159491243814e-14 3.329191673373033056e-14 1.638002627642657402e-14 -1.865696116841711188e-14 3.830812596906214957e-14 -1.858917455712884277e-14 -2.336030912088000481e-15 2.468127898188214834e-14 -8.265099846101830590e-14 -1.267896420599905714e-13 0.000000000000000000e+00 8.890474788192055650e-15 -6.159891036041572146e-14 -4.599115174368193173e-15 -1.401618547252800289e-14 -1.635916885756864603e-14 -5.784457496598858335e-15 7.181035500960992379e-15
-1.216682766712500251e-16 2.042288929838839756e-15 -1.755499420542321692e-15 3.302424652505357823e-17 1.950168663216321732e-15 2.558510046572571956e-15 -5.979126739272858375e-16 3.456682646142121408e-15 9.730420426783220842e-15 3.205090031168357606e-15 2.143099787652161107e-15 -1.703355873397500351e-15 -1.606021252060500331e-15 -1.411352009386500291e-15 -8.617590224800823303e-15 0.000000000000000000e+00 -1.129603042980648432e-14 3.893384853480000802e-16 -1.847619687164839637e-14 1.918882534929428967e-15 -6.255487539140412053e-15 1.771490108333400286e-14 -8.890474788192055650e-15 0.000000000000000000e+00 -4.239150887245109599e-14 -2.947848531920572036e-15 -2.366621793079629138e-14 -4.950160742281715306e-15 6.630921078583126613e-16 -7.327906492085573333e-15
2.920038640110000602e-16 5.268236379865125741e-15 -7.468694069376590381e-15 2.880061920632304116e-15 3.618762171850607790e-15 2.958277241349536344e-14 -1.750285065827839538e-14 1.012432147250639267e-14 -8.246501980953510209e-15 -8.925237152955268957e-15 2.110075541127107676e-15 -5.108329501954340585e-15 2.347154868812229055e-14 -1.085976275202814470e-14 -1.219463755893557355e-14 -1.476183819669895041e-14 -1.891072643118857533e-15 -1.989797759046386164e-14 2.049589026439114629e-14 2.811753873872588153e-14 -6.674374034537144233e-16 -1.043913813839325264e-14 6.159891036041572146e-14 4.239150887245109599e-14 0.000000000000000000e+00 2.788463089481234607e-14 7.063712519885144313e-15 -1.236844938275164481e-14 7.418288640469929509e-15 2.433365533425000501e-15
-6.952472952642858576e-18 3.515344136680045244e-16 -3.980290765388036535e-16 -1.983192909741375557e-15 -8.690591190803573220e-16 -3.257233578313179144e-15 5.373827062833389315e-15 4.936255796376429983e-15 -6.055603941751930017e-15 -1.337481984264669845e-15 6.634397315059448141e-15 1.877167697213571815e-15 6.674374034537144233e-15 -4.776348918465644039e-15 8.548065495274395112e-15 -3.573571097658428913e-15 -6.008674749321590475e-15 -3.893384853480000802e-16 1.034354163529441290e-14 -3.337187017268572116e-15 -2.919691016462368311e-14 6.382370170526144567e-15 4.599115174368193173e-15 2.947848531920572036e-15 -2.788463089481234607e-14 0.000000000000000000e+00 1.802950048444109275e-14 6.451894900052572758e-15 2.276934891990536282e-15 -4.692919243033929736e-15
3.093850463926072066e-16 -1.000808481532939502e-14 1.087975111176699393e-14 1.237192561922796615e-14 -8.377729907934644584e-16 -8.933927744146073861e-15 9.260693972920286834e-15 6.483181028339465129e-16 7.119332303506287181e-15 8.823557236022868457e-15 -7.405687283243264685e-15 -1.270564432095482454e-15 -9.142501932725358435e-15 -4.276639924994438554e-15 -6.375417697573501117e-15 -3.799526468619322507e-15 -6.875995750163786934e-15 -2.960015359587697088e-15 -6.118176198325715547e-16 -6.613539896201519368e-15 -3.267662287742143531e-15 2.941765118087009412e-16 1.401618547252800289e-14 2.366621793079629138e-14 -7.063712519885144313e-15 -1.802950048444109275e-14 0.000000000000000000e+00 -7.126284776458930040e-16 3.595819011106886692e-14 -1.511293808080741427e-14
7.647720247907144433e-17 -1.157586746615035854e-15 1.265350077381000261e-15 1.300112442144214554e-15 9.342385530113841211e-18 -1.199301584330893006e-15 -6.707398281062197663e-15 1.400923299957536102e-15 -4.188864953967322588e-15 -2.987825251398268522e-15 -1.020275405800339545e-15 -4.484236422064758542e-15 3.716096793187608204e-15 -1.105443199470214514e-15 8.191751256451447673e-15 2.224791344845714744e-16 -1.291074227305778818e-14 3.371949382031786212e-15 3.823860123953572217e-17 5.158734930861001458e-15 -7.098868677061692276e-15 -8.245632921834429876e-15 1.635916885756864603e-14 4.950160742281715306e-15 1.236844938275164481e-14 -6.451894900052572758e-15 7.126284776458930040e-16 0.000000000000000000e+00 -1.143012625188058376e-13 -1.140205564233428806e-14
1.301850560382375219e-15 -1.025663572338637647e-14 4.630346986460143417e-15 -6.652647556560134930e-16 -8.817908351748846294e-15 -1.764885259028389758e-14 5.920030719175394176e-15 5.953054965700447409e-16 3.663953246042786667e-15 -1.348779752812714564e-15 -2.731626623093379272e-14 9.507506762739109595e-16 4.296628284733286205e-15 -1.336612925145589512e-14 -9.385838486067859077e-16 -6.257225657378572718e-17 -2.359669320126986161e-14 6.198129637281108519e-15 -1.471838524074493062e-14 9.379320542674756582e-16 -8.991285646005377395e-15 1.503732993744742217e-14 5.784457496598858335e-15 -6.630921078583126613e-16 -7.418288640469929509e-15 -2.276934891990536282e-15 -3.595819011106886692e-14 1.143012625188058376e-13 0.000000000000000000e+00 1.102166846591281604e-13
-4.345295595401786610e-17 -1.112395672422857372e-16 4.206246136348929438e-16 1.772880602923928937e-16 5.005780525902858174e-16 6.144247971898126316e-15 -6.373679579335340451e-15 -1.213206530236178723e-15 -9.976798687042503042e-16 6.882948223116429990e-16 2.448574068008906718e-15 9.750843316081608659e-16 5.301260626390179171e-16 6.674917196486569441e-16 -7.130630072054331506e-15 -5.214354714482143932e-17 -8.568922914132322701e-16 -5.589788253924858295e-15 2.121590574454922479e-15 -1.112395672422857372e-16 4.119340224440893706e-16 1.460019320055000301e-15 -7.181035500960992379e-15 7.327906492085573333e-15 -2.433365533425000501e-15 4.692919243033929736e-15 1.511293808080741427e-14 1.140205564233428806e-14 -1.102166846591281604e-13 0.000000000000000000e+00
