1.000000000000000000e+00 -1.381803999337768073e-14 -3.626270842639462306e-13 1.892463137709386065e-14 2.248429752884700424e-14 -5.707980294119786693e-15 -1.063728361754357362e-15 8.203918084118573119e-16 2.920038640110000602e-16 1.091538253564928796e-15 -6.257225657378572718e-17 -1.195825347854571675e-15 1.668593508634286058e-16 9.942036322279287763e-16 -2.780989181057143430e-16 -4.449582689691429488e-16 -7.647720247907144433e-17 -2.780989181057143430e-17 1.738118238160714644e-17 4.154102589204107999e-16 1.390494590528571715e-17 -6.604849305010715647e-17 4.171483771585715145e-17 2.085741885792857573e-17 -4.171483771585715145e-17 1.911930061976786108e-16 -1.564306414344643180e-17 1.181920401949285958e-16 -3.215518740597322091e-17 -1.355732225765357422e-16
-1.381803999337768073e-14 1.000000000000000000e+00 2.150260834793383395e-13 5.324203787133900900e-14 4.211251916874832494e-13 -1.708153079734823937e-13 -3.412621348804746885e-14 3.919804250700043547e-14 5.666265456403929936e-15 2.916562403633679113e-14 -1.056775888801714503e-15 -3.497789142474622011e-14 4.828492465610465577e-15 2.589100927564200612e-14 -9.988965514709627699e-15 -1.539625135362760903e-14 -3.733477975569214858e-15 -3.371949382031786409e-16 2.885276275346786309e-16 1.305674420506328880e-14 5.892220827364823136e-16 -1.633831143871071765e-15 1.338351043383750177e-15 -9.385838486067859077e-17 -2.117028014079750338e-15 6.992449672120554667e-15 2.259553709608929037e-17 4.402653497261089946e-15 -9.159883115106966666e-16 -3.771716576808751073e-15
-3.626270842639462306e-13 2.150260834793383395e-13 9.999999999999996669e-01 -4.409953593861365056e-14 5.639846059183887192e-14 3.440431240615318793e-14 1.128386360213935967e-14 2.298313746319913097e-14 -3.198137558215714945e-16 7.689435085623001190e-15 -5.561978362114286860e-16 -1.290378980010514552e-14 3.684810664900715045e-16 2.780989181057143430e-15 -4.004624420722286540e-15 -1.025576666426729614e-14 -1.845881568926679050e-15 3.954218991815625667e-15 -3.076469281544464920e-16 5.226521542149268984e-15 -2.224791344845714744e-16 -1.531282167819589552e-15 -5.909602009746429789e-17 -2.200457689511464641e-15 -7.560814335999109194e-16 3.690025019615197436e-15 3.997671947769643681e-17 1.327922333954785988e-15 -3.041706916781250627e-16 -1.002894223418732300e-15
1.892463137709386065e-14 5.324203787133900900e-14 -4.409953593861365056e-14 1.000000000000000000e+00 -1.451307871445338727e-12 -4.911226893746915456e-14 -1.056080641506450237e-14 2.822147820936789374e-13 -3.309377125458000682e-15 -1.425256955291785969e-14 -6.076461360609858001e-15 -1.015617248922068749e-13 -9.351076121304643798e-16 -1.510772372609293228e-14 -3.026759099933068451e-14 -3.353525328707283002e-14 -5.061400309524001043e-15 -1.415871116805718218e-14 -1.181920401949285958e-16 1.863697280867826422e-14 6.396275116431429890e-16 -1.379718257451975274e-14 -1.147158037186071665e-15 -8.110059699257894824e-15 -6.717826990491162444e-15 2.065579714230193381e-14 2.911348048919197275e-16 -1.129776854804464420e-15 -1.402661418195696767e-15 1.435685664720750197e-15
2.248429752884700424e-14 4.211251916874832494e-13 5.639846059183887192e-14 -1.451307871445338727e-12 9.999999999999996669e-01 -2.526945819367573390e-13 -2.078511313922109110e-13 -1.236427789898005985e-13 2.334640417497471949e-14 1.040924250469688794e-13 1.105443199470214553e-14 1.123484866782322669e-13 1.613668972308407456e-14 2.765346116913697127e-14 2.947848531920572036e-15 8.349920016124072952e-15 1.473924265960286018e-15 1.261873840904678851e-14 -4.960589451710679298e-15 -7.129761012935251173e-15 -1.207123116402616394e-15 1.865522305017895121e-14 3.340663253744893447e-15 1.481485080296285070e-14 -4.171483771585715145e-16 -1.301502936734743125e-14 1.286207496238928836e-16 1.166842226233241792e-14 -1.529544049581428887e-16 -6.059080178228251347e-15
-5.707980294119786693e-15 -1.708153079734823937e-13 3.440431240615318793e-14 -4.911226893746915456e-14 -2.526945819367573390e-13 9.999999999999996669e-01 2.082338650282538946e-12 2.150538933711489101e-13 -8.674600503012494704e-14 -1.336821499334168792e-13 8.530249783333246714e-15 5.867887172030572796e-14 6.962901662071822568e-15 2.176124034177214852e-14 -2.601963002526589773e-15 -6.259311399264365990e-14 -2.107989799241314878e-14 3.840546059039915314e-14 9.072977203198929455e-16 5.673217929356572598e-15 8.169155719355359024e-15 8.889822993852745401e-15 -5.256069552198001083e-15 -2.054803381153596941e-14 7.473908424091072969e-16 1.240494986575302036e-14 9.076018910115711408e-15 2.565462519525214617e-15 1.091538253564928796e-15 1.359208462241678950e-15
-1.063728361754357362e-15 -3.412621348804746885e-14 1.128386360213935967e-14 -1.056080641506450237e-14 -2.078511313922109110e-13 2.082338650282538946e-12 9.999999999999997780e-01 -9.153000166883849611e-13 6.641002164364458196e-14 2.897138932322233047e-14 -1.568477898116228895e-14 -6.002765147311844213e-14 -1.515639103676143091e-14 2.625949034213207664e-14 2.762738939556456050e-15 2.823746889715897060e-14 5.179592349718929442e-15 1.532672662410118242e-14 -5.687122875261857920e-15 1.656774304614793218e-14 -7.230571870748572919e-16 1.365813311546689636e-14 -1.798409214546914301e-15 -8.273442813645001705e-16 3.757811630903464962e-15 -1.003480838324111525e-14 -4.395701024308447285e-15 4.734634080749786493e-15 -7.894533037725966011e-15 1.228849594379625303e-15
8.203918084118573119e-16 3.919804250700043547e-14 2.298313746319913097e-14 2.822147820936789374e-13 -1.236427789898005985e-13 2.150538933711489101e-13 -9.153000166883849611e-13 9.999999999999996669e-01 -2.625357204953113920e-12 1.235148534874719584e-12 -1.369706696400169590e-13 -2.242867774522586169e-13 -6.147028961079183222e-14 -1.007552380297003010e-13 -2.041941306191207702e-14 -8.905552963908100053e-14 1.608498070549879476e-14 -3.093155216630807761e-14 4.936255796376429983e-15 -8.850498068714359085e-14 7.487813369996359278e-15 -2.481337596798236206e-14 6.205082110233751180e-15 3.215888090722931213e-14 1.084368515832515855e-14 1.187308568487584099e-14 1.055211582387369905e-14 1.536496522534071745e-15 -2.714071628887955843e-15 -9.260693972920286834e-15
2.920038640110000602e-16 5.666265456403929936e-15 -3.198137558215714945e-16 -3.309377125458000682e-15 2.334640417497471949e-14 -8.674600503012494704e-14 6.641002164364458196e-14 -2.625357204953113920e-12 1.000000000000000000e+00 3.273102597827586366e-13 -1.155779103647348841e-13 -5.639150811888622295e-14 -1.083473384939863144e-13 -4.746453284769279333e-14 -2.377745749803857633e-15 -2.933595962367654265e-14 -4.866731066850001003e-16 -1.236149690979900215e-14 1.229197218027257396e-14 -6.789089838255751300e-15 1.164539219567678910e-15 2.694083269149107797e-15 -2.468127898188214794e-16 8.467351629589806060e-15 -1.166929132145149825e-15 -4.616442040554858094e-15 2.339507148564321812e-15 -8.342967543171430291e-15 -1.327922333954785988e-15 -1.123693440970902012e-14
1.091538253564928796e-15 2.916562403633679113e-14 7.689435085623001190e-15 -1.425256955291785969e-14 1.040924250469688794e-13 -1.336821499334168792e-13 2.897138932322233047e-14 1.235148534874719584e-12 3.273102597827586366e-13 9.999999999999997780e-01 -1.636681657781655359e-13 -2.214779783793909059e-13 -2.199187125079369352e-12 -4.274380371284829373e-14 4.822582863600718999e-14 2.577976970839972039e-14 -1.580992349430986001e-14 -4.459316151825129214e-14 8.504612539320376901e-15 1.369637171670643100e-14 -9.535316654549679846e-15 -7.626862829049215660e-15 -1.069985587411735876e-14 -1.501734157770857452e-14 6.517943393102679619e-15 -4.617636996843593552e-15 -2.294316074372143330e-15 -4.206246136348929438e-16 1.310541151573178901e-14 -1.584120962259675198e-14
-6.257225657378572718e-17 -1.056775888801714503e-15 -5.561978362114286860e-16 -6.076461360609858001e-15 1.105443199470214553e-14 8.530249783333246714e-15 -1.568477898116228895e-14 -1.369706696400169590e-13 -1.155779103647348841e-13 -1.636681657781655359e-13 9.999999999999996669e-01 -5.481677299511261597e-14 -1.436714630717741478e-12 6.385759501090558180e-14 1.202777820807214494e-14 -2.548081337143607569e-15 1.015061051085857352e-15 1.002894223418732300e-14 8.648876353087716857e-15 9.820368045608038428e-15 -1.279950270581550244e-14 -2.948196155568204485e-14 3.302424652505358021e-15 -2.617606066670036155e-15 -4.866731066850001003e-17 1.751501748594552004e-14 1.655883519017735798e-15 6.115569020968474549e-15 1.147158037186071665e-16 2.166651289779238911e-14
-1.195825347854571675e-15 -3.497789142474622011e-14 -1.290378980010514552e-14 -1.015617248922068749e-13 1.123484866782322669e-13 5.867887172030572796e-14 -6.002765147311844213e-14 -2.242867774522586169e-13 -5.639150811888622295e-14 -2.214779783793909059e-13 -5.481677299511261597e-14 1.000000000000000000e+00 6.355498862564179482e-13 6.729993818158287101e-15 -1.009047161981821308e-13 1.290378980010514552e-14 1.019962544517470539e-13 -8.221299266500180561e-14 -1.051561534087232310e-15 4.646337674251222485e-14 -8.022501993010548744e-16 -2.895704984775750498e-14 -1.025489760514821581e-14 -3.538808732895214818e-15 4.842397411515750899e-15 -2.752484041951307572e-14 8.346443779647751621e-15 3.549671971883719371e-15 1.764190011733125413e-15 -1.133774526752234187e-14
1.668593508634286058e-16 4.828492465610465577e-15 3.684810664900715045e-16 -9.351076121304643798e-16 1.613668972308407456e-14 6.962901662071822568e-15 -1.515639103676143091e-14 -6.147028961079183222e-14 -1.083473384939863144e-13 -2.199187125079369352e-12 -1.436714630717741478e-12 6.355498862564179482e-13 1.000000000000000000e+00 2.915519532690782714e-14 -1.818766924411371961e-14 -3.114707882784000642e-14 -3.253757341836857813e-15 -1.519115340152464737e-14 -1.510077125314028962e-14 7.316174193977988842e-15 -6.604849305010716041e-15 -1.798604752848707612e-14 -1.072766576592793098e-14 -4.609489567602215433e-15 4.984923107044929402e-15 -8.447254637461073169e-16 6.465799845957858475e-16 1.092407312684009090e-14 1.483266651490399791e-15 4.692919243033929539e-16
9.942036322279287763e-16 2.589100927564200612e-14 2.780989181057143430e-15 -1.510772372609293228e-14 2.765346116913697127e-14 2.176124034177214852e-14 2.625949034213207664e-14 -1.007552380297003010e-13 -4.746453284769279333e-14 -4.274380371284829373e-14 6.385759501090558180e-14 6.729993818158287101e-15 2.915519532690782714e-14 1.000000000000000222e+00 5.494191750826019019e-14 -3.452876167200549283e-13 7.567940620775567527e-14 3.805783694276700745e-14 4.009186981097458286e-15 4.850045131763658142e-14 -2.592055728569073744e-14 6.645260554047952299e-15 4.015053130151250532e-15 -8.516779366987501558e-15 -2.422936823996036115e-15 -1.429428439063371565e-14 -3.846455661049661260e-15 5.954793083938608271e-15 2.082265649316536242e-15 8.235204212405465884e-15
-2.780989181057143430e-16 -9.988965514709627699e-15 -4.004624420722286540e-15 -3.026759099933068451e-14 2.947848531920572036e-15 -2.601963002526589773e-15 2.762738939556456050e-15 -2.041941306191207702e-14 -2.377745749803857633e-15 4.822582863600718999e-14 1.202777820807214494e-14 -1.009047161981821308e-13 -1.818766924411371961e-14 5.494191750826019019e-14 1.000000000000000000e+00 -2.568730181812956794e-13 5.112848609373558315e-14 -6.838582755087377508e-14 -1.585163833202571755e-15 3.670558095347797195e-14 4.491297527407287034e-15 -2.103123068174464621e-15 9.038214838435716148e-16 9.072977203198929455e-16 -9.942036322279287763e-16 3.189446967024911224e-15 -1.943216190263679070e-15 -2.885276275346786506e-15 3.542284969371536543e-15 2.859204501774375737e-15
-4.449582689691429488e-16 -1.539625135362760903e-14 -1.025576666426729614e-14 -3.353525328707283002e-14 8.349920016124072952e-15 -6.259311399264365990e-14 2.823746889715897060e-14 -8.905552963908100053e-14 -2.933595962367654265e-14 2.577976970839972039e-14 -2.548081337143607569e-15 1.290378980010514552e-14 -3.114707882784000642e-14 -3.452876167200549283e-13 -2.568730181812956794e-13 1.000000000000000000e+00 3.061906023356475784e-13 6.118176198325715547e-15 -1.174967928996643060e-14 1.323055602887936007e-14 1.521548705685889668e-14 2.964534467006914739e-14 -2.256772720427871933e-14 -1.009499072723743144e-14 1.158716523469840366e-14 1.703355873397500312e-14 3.116446001022161307e-15 1.427342697177578767e-14 -1.920620653167589632e-15 -1.072766576592793098e-14
-7.647720247907144433e-17 -3.733477975569214858e-15 -1.845881568926679050e-15 -5.061400309524001043e-15 1.473924265960286018e-15 -2.107989799241314878e-14 5.179592349718929442e-15 1.608498070549879476e-14 -4.866731066850001003e-16 -1.580992349430986001e-14 1.015061051085857352e-15 1.019962544517470539e-13 -3.253757341836857813e-15 7.567940620775567527e-14 5.112848609373558315e-14 3.061906023356475784e-13 1.000000000000000000e+00 1.136729327757107318e-14 8.120488408686858816e-15 -4.415863195871111319e-14 -2.308221020277429047e-15 2.360364567422250585e-15 1.140205564233428806e-15 -3.803871764214724171e-15 -9.636127512363001591e-15 1.618709515199073701e-14 7.877151855344359358e-15 -1.146984225362255559e-14 -3.740430448521857519e-15 8.596732805942895319e-15
-2.780989181057143430e-17 -3.371949382031786409e-16 3.954218991815625667e-15 -1.415871116805718218e-14 1.261873840904678851e-14 3.840546059039915314e-14 1.532672662410118242e-14 -3.093155216630807761e-14 -1.236149690979900215e-14 -4.459316151825129214e-14 1.002894223418732300e-14 -8.221299266500180561e-14 -1.519115340152464737e-14 3.805783694276700745e-14 -6.838582755087377508e-14 6.118176198325715547e-15 1.136729327757107318e-14 9.999999999999997780e-01 7.858553990196039608e-14 8.377729907934644229e-13 -1.608280805770109393e-14 -1.480876738912928837e-14 -1.579080419369009269e-14 1.550401468439357462e-15 -2.975484611907327562e-14 -1.241016422046750157e-15 -1.206775492754984182e-14 -1.330703323135843092e-14 -5.706242175881626028e-15 -8.530684312892786881e-15
1.738118238160714644e-17 2.885276275346786309e-16 -3.076469281544464920e-16 -1.181920401949285958e-16 -4.960589451710679298e-15 9.072977203198929455e-16 -5.687122875261857920e-15 4.936255796376429983e-15 1.229197218027257396e-14 8.504612539320376901e-15 8.648876353087716857e-15 -1.051561534087232310e-15 -1.510077125314028962e-14 4.009186981097458286e-15 -1.585163833202571755e-15 -1.174967928996643060e-14 8.120488408686858816e-15 7.858553990196039608e-14 1.000000000000000000e+00 5.560657392253284502e-13 -3.932318702014800968e-14 5.548768663504265173e-14 -2.160133346386136100e-14 -3.044314094138491802e-14 3.782145286237715065e-15 -3.013897024970679291e-15 -4.435677743786144166e-15 -7.847603845295626864e-16 -3.142517774594572076e-15 6.225287734752369704e-15
4.154102589204107999e-16 1.305674420506328880e-14 5.226521542149268984e-15 1.863697280867826422e-14 -7.129761012935251173e-15 5.673217929356572598e-15 1.656774304614793218e-14 -8.850498068714359085e-14 -6.789089838255751300e-15 1.369637171670643100e-14 9.820368045608038428e-15 4.646337674251222485e-14 7.316174193977988842e-15 4.850045131763658142e-14 3.670558095347797195e-14 1.323055602887936007e-14 -4.415863195871111319e-14 8.377729907934644229e-13 5.560657392253284502e-13 9.999999999999997780e-01 -8.600209042419216650e-15 -4.777739413056172571e-14 -1.777747333990778997e-14 3.103583926059772384e-14 2.318997353354025330e-14 9.872511592752859966e-15 2.587188997502223723e-15 5.256069552198001083e-15 3.080814577139866583e-16 -3.921194745290572237e-15
1.390494590528571715e-17 5.892220827364823136e-16 -2.224791344845714744e-16 6.396275116431429890e-16 -1.207123116402616394e-15 8.169155719355359024e-15 -7.230571870748572919e-16 7.487813369996359278e-15 1.164539219567678910e-15 -9.535316654549679846e-15 -1.279950270581550244e-14 -8.022501993010548744e-16 -6.604849305010716041e-15 -2.592055728569073744e-14 4.491297527407287034e-15 1.521548705685889668e-14 -2.308221020277429047e-15 -1.608280805770109393e-14 -3.932318702014800968e-14 -8.600209042419216650e-15 1.000000000000000000e+00 5.538861389546749380e-14 -1.921663524110486189e-14 3.975250222497370664e-14 -1.129081607509200233e-14 2.408336630795486053e-14 4.727681607797143831e-16 1.247208468270197725e-15 2.141361669414000441e-15 -1.003068035242548367e-14
-6.604849305010715647e-17 -1.633831143871071765e-15 -1.531282167819589552e-15 -1.379718257451975274e-14 1.865522305017895121e-14 8.889822993852745401e-15 1.365813311546689636e-14 -2.481337596798236206e-14 2.694083269149107797e-15 -7.626862829049215660e-15 -2.948196155568204485e-14 -2.895704984775750498e-14 -1.798604752848707612e-14 6.645260554047952299e-15 -2.103123068174464621e-15 2.964534467006914739e-14 2.360364567422250585e-15 -1.480876738912928837e-14 5.548768663504265173e-14 -4.777739413056172571e-14 5.538861389546749380e-14 1.000000000000000000e+00 2.973920305492982963e-14 1.213901777531443068e-14 1.080240485016884117e-14 -3.089678980154486430e-14 -1.031779575889165804e-14 -1.230587712617785928e-14 -7.324430255609252002e-15 -1.571606510944918092e-14
4.171483771585715145e-17 1.338351043383750177e-15 -5.909602009746429789e-17 -1.147158037186071665e-15 3.340663253744893447e-15 -5.256069552198001083e-15 -1.798409214546914301e-15 6.205082110233751180e-15 -2.468127898188214794e-16 -1.069985587411735876e-14 3.302424652505358021e-15 -1.025489760514821581e-14 -1.072766576592793098e-14 4.015053130151250532e-15 9.038214838435716148e-16 -2.256772720427871933e-14 1.140205564233428806e-15 -1.579080419369009269e-14 -2.160133346386136100e-14 -1.777747333990778997e-14 -1.921663524110486189e-14 2.973920305492982963e-14 1.000000000000000000e+00 -1.771142484685768271e-15 -2.597443895107372122e-14 1.863425699893113661e-15 -4.672061824176000963e-15 -1.001677540652019834e-14 -5.701027821167144032e-15 -5.787933733075179666e-15
2.085741885792857573e-17 -9.385838486067859077e-17 -2.200457689511464641e-15 -8.110059699257894824e-15 1.481485080296285070e-14 -2.054803381153596941e-14 -8.273442813645001705e-16 3.215888090722931213e-14 8.467351629589806060e-15 -1.501734157770857452e-14 -2.617606066670036155e-15 -3.538808732895214818e-15 -4.609489567602215433e-15 -8.516779366987501558e-15 9.072977203198929455e-16 -1.009499072723743144e-14 -3.803871764214724171e-15 1.550401468439357462e-15 -3.044314094138491802e-14 3.103583926059772384e-14 3.975250222497370664e-14 1.213901777531443068e-14 -1.771142484685768271e-15 9.999999999999997780e-01 -3.060087517149800345e-13 1.268131066562057404e-14 -2.391129260237695150e-14 4.598365610877986859e-14 2.346459621516964868e-15 -1.858396020241436078e-14
-4.171483771585715145e-17 -2.117028014079750338e-15 -7.560814335999109194e-16 -6.717826990491162444e-15 -4.171483771585715145e-16 7.473908424091072969e-16 3.757811630903464962e-15 1.084368515832515855e-14 -1.166929132145149825e-15 6.517943393102679619e-15 -4.866731066850001003e-17 4.842397411515750899e-15 4.984923107044929402e-15 -2.422936823996036115e-15 -9.942036322279287763e-16 1.158716523469840366e-14 -9.636127512363001591e-15 -2.975484611907327562e-14 3.782145286237715065e-15 2.318997353354025330e-14 -1.129081607509200233e-14 1.080240485016884117e-14 -2.597443895107372122e-14 -3.060087517149800345e-13 1.000000000000000000e+00 -1.671026874167710990e-14 1.493391190227685943e-14 7.265334235511787803e-15 3.064650077524972218e-14 -7.084569938743073086e-15
1.911930061976786108e-16 6.992449672120554667e-15 3.690025019615197436e-15 2.065579714230193381e-14 -1.301502936734743125e-14 1.240494986575302036e-14 -1.003480838324111525e-14 1.187308568487584099e-14 -4.616442040554858094e-15 -4.617636996843593552e-15 1.751501748594552004e-14 -2.752484041951307572e-14 -8.447254637461073169e-16 -1.429428439063371565e-14 3.189446967024911224e-15 1.703355873397500312e-14 1.618709515199073701e-14 -1.241016422046750157e-15 -3.013897024970679291e-15 9.872511592752859966e-15 2.408336630795486053e-14 -3.089678980154486430e-14 1.863425699893113661e-15 1.268131066562057404e-14 -1.671026874167710990e-14 9.999999999999996669e-01 9.420513944919165692e-14 -2.191419474673029023e-14 1.840667214212196660e-15 2.233829559684150520e-14
-1.564306414344643180e-17 2.259553709608929037e-17 3.997671947769643681e-17 2.911348048919197275e-16 1.286207496238928836e-16 9.076018910115711408e-15 -4.395701024308447285e-15 1.055211582387369905e-14 2.339507148564321812e-15 -2.294316074372143330e-15 1.655883519017735798e-15 8.346443779647751621e-15 6.465799845957858475e-16 -3.846455661049661260e-15 -1.943216190263679070e-15 3.116446001022161307e-15 7.877151855344359358e-15 -1.206775492754984182e-14 -4.435677743786144166e-15 2.587188997502223723e-15 4.727681607797143831e-16 -1.031779575889165804e-14 -4.672061824176000963e-15 -2.391129260237695150e-14 1.493391190227685943e-14 9.420513944919165692e-14 1.000000000000000000e+00 -3.218125917954563385e-14 -1.257007109837828830e-14 2.299530429086625326e-15
1.181920401949285958e-16 4.402653497261089946e-15 1.327922333954785988e-15 -1.129776854804464420e-15 1.166842226233241792e-14 2.565462519525214617e-15 4.734634080749786493e-15 1.536496522534071745e-15 -8.342967543171430291e-15 -4.206246136348929438e-16 6.115569020968474549e-15 3.549671971883719371e-15 1.092407312684009090e-14 5.954793083938608271e-15 -2.885276275346786506e-15 1.427342697177578767e-14 -1.146984225362255559e-14 -1.330703323135843092e-14 -7.847603845295626864e-16 5.256069552198001083e-15 1.247208468270197725e-15 -1.230587712617785928e-14 -1.001677540652019834e-14 4.598365610877986859e-14 7.265334235511787803e-15 -2.191419474673029023e-14 -3.218125917954563385e-14 1.000000000000000000e+00 -3.213954434182977662e-13 2.906133694204715121e-14
-3.215518740597322091e-17 -9.159883115106966666e-16 -3.041706916781250627e-16 -1.402661418195696767e-15 -1.529544049581428887e-16 1.091538253564928796e-15 -7.894533037725966011e-15 -2.714071628887955843e-15 -1.327922333954785988e-15 1.310541151573178901e-14 1.147158037186071665e-16 1.764190011733125413e-15 1.483266651490399791e-15 2.082265649316536242e-15 3.542284969371536543e-15 -1.920620653167589632e-15 -3.740430448521857519e-15 -5.706242175881626028e-15 -3.142517774594572076e-15 3.080814577139866583e-16 2.141361669414000441e-15 -7.324430255609252002e-15 -5.701027821167144032e-15 2.346459621516964868e-15 3.064650077524972218e-14 1.840667214212196660e-15 -1.257007109837828830e-14 -3.213954434182977662e-13 9.999999999999996669e-01 -1.449938234273668047e-14
-1.355732225765357422e-16 -3.771716576808751073e-15 -1.002894223418732300e-15 1.435685664720750197e-15 -6.059080178228251347e-15 1.359208462241678950e-15 1.228849594379625303e-15 -9.260693972920286834e-15 -1.123693440970902012e-14 -1.584120962259675198e-14 2.166651289779238911e-14 -1.133774526752234187e-14 4.692919243033929539e-16 8.235204212405465884e-15 2.859204501774375737e-15 -1.072766576592793098e-14 8.596732805942895319e-15 -8.530684312892786881e-15 6.225287734752369704e-15 -3.921194745290572237e-15 -1.003068035242548367e-14 -1.571606510944918092e-14 -5.787933733075179666e-15 -1.858396020241436078e-14 -7.084569938743073086e-15 2.233829559684150520e-14 2.299530429086625326e-15 2.906133694204715121e-14 -1.449938234273668047e-14 1.000000000000000000e+00
