1.000000000000000000e+00 -5.244945595473772162e-13 -5.058619320342943663e-14 4.794425348142515589e-14 7.901485510678608673e-15 2.280063504819225480e-14 8.760115920330001805e-16 -3.114707882784000642e-15 -1.042870942896428786e-16 -2.681916441481982745e-15 6.483181028339465129e-16 1.995359737408500608e-15 6.135557380707322200e-16 -1.809381085925303895e-15 -1.946692426740000401e-16 -2.224791344845714744e-16 5.970436148082055048e-16 7.473908424091072969e-16 7.300096600275001504e-17 5.249117079245358225e-16 2.555033810096250527e-16 1.738118238160714644e-16 3.302424652505357823e-16 -1.390494590528571715e-17 8.690591190803573220e-17 6.535324575484287061e-16 1.599068779107857472e-16 -8.273442813645001705e-16 -1.425256955291786008e-16 7.977962713157680709e-16
-5.244945595473772162e-13 9.999999999999997780e-01 -6.094537790286729867e-14 1.950863910511586061e-13 -1.344608269041128888e-14 1.980064296912686122e-14 -2.746226816293929335e-15 3.455379057463500515e-15 -2.516795208856714804e-15 9.003452473672502053e-15 -9.385838486067859077e-16 1.682498454539571775e-15 1.289683732715250364e-15 -7.995343895539287362e-16 8.186536901736966466e-16 3.931623454719536229e-15 7.108903594077322401e-16 6.100795015944108893e-16 -2.058801053101366471e-15 2.179600270653536262e-15 6.552705757865893714e-16 -3.914242272337929575e-15 4.553869783981072367e-16 -3.942052164148501010e-15 -2.224791344845714744e-16 -1.362684698718000281e-15 -7.021997682169287161e-16 -2.363840803898571916e-16 8.690591190803573220e-17 8.864403014619644684e-16
-5.058619320342943663e-14 -6.094537790286729867e-14 1.000000000000000222e+00 1.268721331515736812e-11 9.224541113566544364e-14 -1.245813628384073830e-13 -6.563134467294858495e-15 -1.197215842445100207e-14 1.474619513255550442e-14 -3.841241306335179580e-14 -2.280411128466857613e-15 1.095014490041250226e-16 -7.161047141222144333e-16 1.049475792201439551e-14 -1.793738021781857513e-15 -9.980274923518822795e-15 -1.863262751308286098e-15 7.188857033032715373e-15 9.029524247244912822e-16 5.786195614837019000e-15 1.560830177868321652e-15 4.553869783981072564e-15 -8.690591190803573220e-16 7.039378864550894209e-15 1.042870942896428786e-16 -2.018824333623669985e-15 7.647720247907144433e-17 4.077625386725036850e-15 0.000000000000000000e+00 -3.051483831870904468e-15
4.794425348142515589e-14 1.950863910511586061e-13 1.268721331515736812e-11 1.000000000000000000e+00 -1.336195776768430952e-13 1.746461205703886011e-13 2.536262133124114808e-14 3.726525502616572512e-14 -3.984809872807254324e-14 9.320485240313015615e-14 8.009248841444573079e-15 -1.049823415849071684e-14 -3.891646735241840137e-15 -2.702426236692279148e-14 3.218994977073643718e-15 1.875777202623043362e-14 1.446114374149714584e-15 -2.936029327901079196e-14 3.010420788494357566e-15 -2.998688490386773075e-14 -8.096154753352609502e-15 -1.454804965340518108e-15 2.329078439135357623e-16 -9.196383598108340639e-15 -3.650048300137500752e-17 7.825008308199537820e-15 1.181920401949285958e-15 -8.541113022321752450e-15 1.512162867199821740e-16 4.157578825680429823e-15
7.901485510678608673e-15 -1.344608269041128888e-14 9.224541113566544364e-14 -1.336195776768430952e-13 1.000000000000000000e+00 1.517717893088983448e-12 1.056775888801714503e-15 7.675530139717715867e-15 1.247273647704128789e-14 1.284469378000768132e-14 2.641939722004286259e-16 9.481434989166697643e-15 4.195817426919965249e-15 -3.316329598410643343e-15 -1.098490726517571655e-15 -1.463495556531321632e-15 4.661633114747036971e-15 1.836321918616794997e-14 -1.765928129971286078e-15 2.156309486262182637e-14 3.011289847613438293e-15 -5.012732998855500836e-15 1.647736089776357482e-15 -5.499406105540501331e-15 -1.703355873397500351e-16 1.414828245862821819e-15 9.629175039410358141e-16 -4.787646687013688363e-15 -1.911930061976786108e-16 4.606013331125894102e-15
2.280063504819225480e-14 1.980064296912686122e-14 -1.245813628384073830e-13 1.746461205703886011e-13 1.517717893088983448e-12 1.000000000000000000e+00 -1.188872874901928856e-14 4.596418918451246535e-13 -2.763607998675536146e-14 2.546204169446394067e-13 -5.267975662129402114e-14 -4.699871715986572239e-14 2.118766132317911003e-15 -4.963718064539368811e-14 -1.362337075070368148e-14 -3.486665185750393753e-14 1.574908935597423672e-14 3.124788968565332501e-14 -8.652352589564038188e-15 3.530118141704411649e-14 -1.068073657349759144e-14 -1.364444543434137954e-14 5.657574865213126412e-16 -4.123511708212479204e-14 -7.268810471988109134e-15 -1.297679076610789504e-14 4.652507993996692689e-15 -4.202769899872607910e-15 4.962327569948839963e-15 2.442925183734884555e-15
8.760115920330001805e-16 -2.746226816293929335e-15 -6.563134467294858495e-15 2.536262133124114808e-14 1.056775888801714503e-15 -1.188872874901928856e-14 1.000000000000000222e+00 -1.188309724592764661e-12 1.190263369492457451e-13 -2.030369784020652504e-13 -1.465581298417114667e-14 -5.700332573871879608e-14 -2.628034776099000542e-15 3.985852743750150723e-14 -1.784178371471973459e-14 -5.921768837413554683e-14 3.059088099162857773e-15 -6.670897798060822902e-15 -2.200457689511464641e-15 -1.984931027979536222e-15 1.314017388049500271e-15 -1.607237934827212678e-14 9.283724039575918016e-16 -8.685376836089090829e-15 1.042870942896428786e-17 -1.039568518243923443e-14 -8.203918084118573119e-16 6.973330371500787349e-15 -4.174960008062036476e-15 -9.340647411875680595e-15
-3.114707882784000642e-15 3.455379057463500515e-15 -1.197215842445100207e-14 3.726525502616572512e-14 7.675530139717715867e-15 4.596418918451246535e-13 -1.188309724592764661e-12 9.999999999999996669e-01 -2.271903039691060967e-13 -6.428256492013586447e-14 3.550975560562339870e-15 -4.560822256933715226e-15 4.870207303326322334e-15 -1.202221622971003081e-13 1.687712809254054008e-14 -8.009944088739837345e-14 -9.074715321437090909e-15 6.944825232394951333e-14 -1.263959582790471650e-14 4.929303323423786533e-15 -7.891056801249644483e-16 1.668593508634286058e-16 3.895122971718161468e-15 5.015937654357109563e-15 -8.520581500633478013e-15 -3.945528400624822340e-15 1.254921367952035874e-15 -5.716670885310590809e-15 -5.019685471808143497e-15 2.142056916709264865e-14
-1.042870942896428786e-16 -2.516795208856714804e-15 1.474619513255550442e-14 -3.984809872807254324e-14 1.247273647704128789e-14 -2.763607998675536146e-14 1.190263369492457451e-13 -2.271903039691060967e-13 1.000000000000000000e+00 -7.168347237822418954e-13 4.427334776242972341e-14 -3.942121688878026994e-13 7.884104328297001388e-14 -4.124554579155375603e-14 1.251445131475714544e-15 -6.170319745470537400e-14 -9.177264297488573320e-16 -4.003581549779390140e-14 3.344139490221214778e-15 1.259266663547437695e-14 -5.638455564593358502e-15 1.216508954888684224e-14 -7.091522411695715747e-16 -1.870562847908561050e-14 -1.345216610424485121e-14 -4.432201507309822046e-15 2.669749613814857693e-15 -1.255790427071116365e-14 6.604849305010715647e-17 -1.282731259762607309e-15
-2.681916441481982745e-15 9.003452473672502053e-15 -3.841241306335179580e-14 9.320485240313015615e-14 1.284469378000768132e-14 2.546204169446394067e-13 -2.030369784020652504e-13 -6.428256492013586447e-14 -7.168347237822418954e-13 1.000000000000000000e+00 6.191872411623729650e-14 8.978145472124881629e-13 4.969280042901482940e-14 8.601599537009744235e-14 -2.435277463486977312e-14 -6.799518547684715293e-15 -6.865219417087190336e-14 2.521314316275932771e-14 -6.285035549189144152e-15 2.169171561224571876e-14 2.090956240507339726e-14 -2.280411128466857613e-15 8.617807489580593386e-15 -2.762912751380271880e-14 -8.030106260302501063e-15 -1.307010598901914891e-14 2.593272411335786051e-15 -1.742637345579932610e-14 -3.053873744448375777e-15 1.074504694830953763e-14
6.483181028339465129e-16 -9.385838486067859077e-16 -2.280411128466857613e-15 8.009248841444573079e-15 2.641939722004286259e-16 -5.267975662129402114e-14 -1.465581298417114667e-14 3.550975560562339870e-15 4.427334776242972341e-14 6.191872411623729650e-14 9.999999999999997780e-01 1.228571495461519525e-13 2.883885780756257974e-14 -4.640601884065292289e-14 3.498484389769886277e-14 3.170327666405143510e-15 -3.177280139357786172e-15 3.900771855992183630e-14 -4.435677743786144166e-15 1.840493402388380593e-14 2.273458655514214951e-15 2.386018106293603707e-14 9.702176005413108452e-15 -1.310193527925546768e-14 -2.064884466934928800e-15 5.840077280220001204e-16 -8.206090731916273951e-16 -2.810537191105875530e-15 1.209730293759857392e-15 -1.236410408715624315e-14
1.995359737408500608e-15 1.682498454539571775e-15 1.095014490041250226e-16 -1.049823415849071684e-14 9.481434989166697643e-15 -4.699871715986572239e-14 -5.700332573871879608e-14 -4.560822256933715226e-15 -3.942121688878026994e-13 8.978145472124881629e-13 1.228571495461519525e-13 9.999999999999996669e-01 1.050344851320519884e-14 1.293438068109677323e-13 -1.393970827004893204e-14 6.182138949490029924e-14 -1.080588108664516250e-14 -6.664640572403444507e-14 1.864131810427366589e-14 -7.939724111918144888e-15 -4.679014297128643624e-15 2.315868740525336132e-14 4.894540958660572437e-15 4.317485703591214978e-15 1.292638533720123417e-14 -1.091538253564928757e-14 -4.173221889823875811e-15 9.717330223802072542e-15 5.050971600095037051e-15 -4.929303323423786533e-15
6.135557380707322200e-16 1.289683732715250364e-15 -7.161047141222144333e-16 -3.891646735241840137e-15 4.195817426919965249e-15 2.118766132317911003e-15 -2.628034776099000542e-15 4.870207303326322334e-15 7.884104328297001388e-14 4.969280042901482940e-14 2.883885780756257974e-14 1.050344851320519884e-14 1.000000000000000222e+00 1.944919546137076586e-13 1.253113724984348877e-13 5.652708134146276116e-14 -4.039386785485501109e-14 6.136600251650219230e-14 -1.640783616823714624e-15 -2.924818465264942274e-14 8.005772604968251748e-15 -5.826172334314715881e-15 1.083890533317021672e-14 -3.961171464768268328e-15 -2.815751545820357526e-15 -1.544491866429611082e-14 1.251445131475714544e-16 -3.145994011070893505e-16 1.241885481165830687e-15 1.024273077748109115e-14
-1.809381085925303895e-15 -7.995343895539287362e-16 1.049475792201439551e-14 -2.702426236692279148e-14 -3.316329598410643343e-15 -4.963718064539368811e-14 3.985852743750150723e-14 -1.202221622971003081e-13 -4.124554579155375603e-14 8.601599537009744235e-14 -4.640601884065292289e-14 1.293438068109677323e-13 1.944919546137076586e-13 1.000000000000000222e+00 -3.923975734471629143e-14 -2.294872272208354790e-13 1.144594312784784581e-13 6.104271252420429593e-14 -2.829406637228907884e-14 3.379597102279693613e-14 -1.297505264786973556e-15 -1.475314760550814708e-14 -2.910478989800116548e-15 -4.352248068354429074e-15 -3.928147218243215095e-16 6.987235317406072671e-15 1.241537857518198436e-14 5.965221793367572263e-15 7.793722179912644266e-15 -2.206975632904567530e-15
-1.946692426740000401e-16 8.186536901736966466e-16 -1.793738021781857513e-15 3.218994977073643718e-15 -1.098490726517571655e-15 -1.362337075070368148e-14 -1.784178371471973459e-14 1.687712809254054008e-14 1.251445131475714544e-15 -2.435277463486977312e-14 3.498484389769886277e-14 -1.393970827004893204e-14 1.253113724984348877e-13 -3.923975734471629143e-14 1.000000000000000000e+00 -2.053777891393082085e-13 -1.457238330873943157e-14 3.071254926829982825e-15 -8.940880217098716523e-15 -3.001730197303554239e-14 8.607161515371859311e-15 3.797788350381161842e-15 -1.008108578133214493e-15 -7.183642678318233377e-15 -8.648876353087716857e-15 7.343549556229019321e-15 -8.864403014619644684e-16 -9.188562066036617645e-15 -2.450746715806607549e-15 -6.750851237016215874e-15
-2.224791344845714744e-16 3.931623454719536229e-15 -9.980274923518822795e-15 1.875777202623043362e-14 -1.463495556531321632e-15 -3.486665185750393753e-14 -5.921768837413554683e-14 -8.009944088739837345e-14 -6.170319745470537400e-14 -6.799518547684715293e-15 3.170327666405143510e-15 6.182138949490029924e-14 5.652708134146276116e-14 -2.294872272208354790e-13 -2.053777891393082085e-13 9.999999999999996669e-01 -5.448066438080828785e-14 1.740899227341771882e-13 7.399777681233518107e-14 1.921663524110486189e-14 -1.356079849412989595e-14 9.093834622056859806e-15 -1.034527975353257356e-14 -1.641478864118979048e-14 2.074791740892445223e-14 -1.407180525614914576e-14 -3.044314094138491723e-15 -8.044011206207787964e-15 -4.315747585353054313e-15 8.836593122809073447e-15
5.970436148082055048e-16 7.108903594077322401e-16 -1.863262751308286098e-15 1.446114374149714584e-15 4.661633114747036971e-15 1.574908935597423672e-14 3.059088099162857773e-15 -9.074715321437090909e-15 -9.177264297488573320e-16 -6.865219417087190336e-14 -3.177280139357786172e-15 -1.080588108664516250e-14 -4.039386785485501109e-14 1.144594312784784581e-13 -1.457238330873943157e-14 -5.448066438080828785e-14 1.000000000000000000e+00 -1.576612291470820998e-13 -4.749929521245601294e-14 5.605692035804028856e-14 -4.727681607797143831e-16 -2.802020411738888112e-14 6.646564142726572798e-15 -6.510990920150036957e-15 -6.048651468799287355e-15 4.409605970213733397e-15 -2.190028980082500649e-15 -7.738102396291501397e-15 -2.085741885792857573e-16 -9.238098435824198579e-16
7.473908424091072969e-16 6.100795015944108893e-16 7.188857033032715373e-15 -2.936029327901079196e-14 1.836321918616794997e-14 3.124788968565332501e-14 -6.670897798060822902e-15 6.944825232394951333e-14 -4.003581549779390140e-14 2.521314316275932771e-14 3.900771855992183630e-14 -6.664640572403444507e-14 6.136600251650219230e-14 6.104271252420429593e-14 3.071254926829982825e-15 1.740899227341771882e-13 -1.576612291470820998e-13 1.000000000000000000e+00 -4.143013394844642753e-13 2.073227434478100309e-14 -5.580402415438790544e-14 -6.157110046860515081e-14 -5.901389401071120251e-14 -1.793738021781857513e-15 -6.660469088631858910e-15 3.100802936878714688e-14 4.581679675791643999e-15 -1.001156105180571635e-14 -6.773446774112305312e-15 7.651196484383466553e-15
7.300096600275001504e-17 -2.058801053101366471e-15 9.029524247244912822e-16 3.010420788494357566e-15 -1.765928129971286078e-15 -8.652352589564038188e-15 -2.200457689511464641e-15 -1.263959582790471650e-14 3.344139490221214778e-15 -6.285035549189144152e-15 -4.435677743786144166e-15 1.864131810427366589e-14 -1.640783616823714624e-15 -2.829406637228907884e-14 -8.940880217098716523e-15 7.399777681233518107e-14 -4.749929521245601294e-14 -4.143013394844642753e-13 9.999999999999997780e-01 -1.162523002411412475e-13 1.423866460701257436e-14 6.417132535289358189e-14 3.504046368132000722e-15 -1.342348715331519865e-14 -2.190028980082500649e-15 -7.499111138544403602e-15 9.594412674647144834e-16 1.022013524038500211e-15 -3.031278207352286339e-15 -7.304115998700747649e-15
5.249117079245358225e-16 2.179600270653536262e-15 5.786195614837019000e-15 -2.998688490386773075e-14 2.156309486262182637e-14 3.530118141704411649e-14 -1.984931027979536222e-15 4.929303323423786533e-15 1.259266663547437695e-14 2.169171561224571876e-14 1.840493402388380593e-14 -7.939724111918144888e-15 -2.924818465264942274e-14 3.379597102279693613e-14 -3.001730197303554239e-14 1.921663524110486189e-14 5.605692035804028856e-14 2.073227434478100309e-14 -1.162523002411412475e-13 1.000000000000000222e+00 -6.172275128488467833e-15 -1.521201082038257535e-14 2.874152318622557617e-14 4.968237171958586541e-14 2.366969416727261271e-14 2.502890262951429087e-14 5.777505023646215674e-15 -2.194200463854086088e-14 5.197951223609502258e-15 -3.733477975569214858e-15
2.555033810096250527e-16 6.552705757865893714e-16 1.560830177868321652e-15 -8.096154753352609502e-15 3.011289847613438293e-15 -1.068073657349759144e-14 1.314017388049500271e-15 -7.891056801249644483e-16 -5.638455564593358502e-15 2.090956240507339726e-14 2.273458655514214951e-15 -4.679014297128643624e-15 8.005772604968251748e-15 -1.297505264786973556e-15 8.607161515371859311e-15 -1.356079849412989595e-14 -4.727681607797143831e-16 -5.580402415438790544e-14 1.423866460701257436e-14 -6.172275128488467833e-15 1.000000000000000000e+00 6.202005640952206834e-13 -3.476236476321429288e-15 -1.983714345212823520e-14 2.780989181057143430e-15 2.010307554256682646e-14 -3.615285935374286459e-15 -1.674351025298193459e-15 5.422928903061429689e-16 1.149939026367128848e-14
1.738118238160714644e-16 -3.914242272337929575e-15 4.553869783981072564e-15 -1.454804965340518108e-15 -5.012732998855500836e-15 -1.364444543434137954e-14 -1.607237934827212678e-14 1.668593508634286058e-16 1.216508954888684224e-14 -2.280411128466857613e-15 2.386018106293603707e-14 2.315868740525336132e-14 -5.826172334314715881e-15 -1.475314760550814708e-14 3.797788350381161842e-15 9.093834622056859806e-15 -2.802020411738888112e-14 -6.157110046860515081e-14 6.417132535289358189e-14 -1.521201082038257535e-14 6.202005640952206834e-13 9.999999999999996669e-01 -1.377111080094734276e-14 -2.897790726661543297e-14 1.472359959545941261e-14 -1.283426507057871733e-14 -2.340311028249471120e-14 -4.699871715986572397e-15 6.180748454899501077e-15 -5.847029753172643549e-14
3.302424652505357823e-16 4.553869783981072367e-16 -8.690591190803573220e-16 2.329078439135357623e-16 1.647736089776357482e-15 5.657574865213126412e-16 9.283724039575918016e-16 3.895122971718161468e-15 -7.091522411695715747e-16 8.617807489580593386e-15 9.702176005413108452e-15 4.894540958660572437e-15 1.083890533317021672e-14 -2.910478989800116548e-15 -1.008108578133214493e-15 -1.034527975353257356e-14 6.646564142726572798e-15 -5.901389401071120251e-14 3.504046368132000722e-15 2.874152318622557617e-14 -3.476236476321429288e-15 -1.377111080094734276e-14 9.999999999999996669e-01 4.193679541487027410e-13 9.121644513867430451e-15 -1.473370240771872306e-14 3.698715610806000762e-15 -1.291421850953410951e-14 6.910758114927001030e-15 1.033050574850820791e-14
-1.390494590528571715e-17 -3.942052164148501010e-15 7.039378864550894209e-15 -9.196383598108340639e-15 -5.499406105540501331e-15 -4.123511708212479204e-14 -8.685376836089090829e-15 5.015937654357109563e-15 -1.870562847908561050e-14 -2.762912751380271880e-14 -1.310193527925546768e-14 4.317485703591214978e-15 -3.961171464768268328e-15 -4.352248068354429074e-15 -7.183642678318233377e-15 -1.641478864118979048e-14 -6.510990920150036957e-15 -1.793738021781857513e-15 -1.342348715331519865e-14 4.968237171958586541e-14 -1.983714345212823520e-14 -2.897790726661543297e-14 4.193679541487027410e-13 1.000000000000000000e+00 -2.580757960021029103e-14 3.910070788566343821e-14 -3.067952502177477482e-14 3.581914065201600738e-14 1.764711447204573691e-14 -7.133237249411572504e-15
8.690591190803573220e-17 -2.224791344845714744e-16 1.042870942896428786e-16 -3.650048300137500752e-17 -1.703355873397500351e-16 -7.268810471988109134e-15 1.042870942896428786e-17 -8.520581500633478013e-15 -1.345216610424485121e-14 -8.030106260302501063e-15 -2.064884466934928800e-15 1.292638533720123417e-14 -2.815751545820357526e-15 -3.928147218243215095e-16 -8.648876353087716857e-15 2.074791740892445223e-14 -6.048651468799287355e-15 -6.660469088631858910e-15 -2.190028980082500649e-15 2.366969416727261271e-14 2.780989181057143430e-15 1.472359959545941261e-14 9.121644513867430451e-15 -2.580757960021029103e-14 1.000000000000000000e+00 3.839259851543676295e-13 -1.209730293759857471e-14 9.241574672300519515e-15 5.422928903061429689e-15 -1.032616045291280624e-14
6.535324575484287061e-16 -1.362684698718000281e-15 -2.018824333623669985e-15 7.825008308199537820e-15 1.414828245862821819e-15 -1.297679076610789504e-14 -1.039568518243923443e-14 -3.945528400624822340e-15 -4.432201507309822046e-15 -1.307010598901914891e-14 5.840077280220001204e-16 -1.091538253564928757e-14 -1.544491866429611082e-14 6.987235317406072671e-15 7.343549556229019321e-15 -1.407180525614914576e-14 4.409605970213733397e-15 3.100802936878714688e-14 -7.499111138544403602e-15 2.502890262951429087e-14 2.010307554256682646e-14 -1.283426507057871733e-14 -1.473370240771872306e-14 3.910070788566343821e-14 3.839259851543676295e-13 1.000000000000000000e+00 -1.363032322365632414e-14 -1.028965996991143069e-15 6.629182960344965356e-15 -2.138580680232943219e-14
1.599068779107857472e-16 -7.021997682169287161e-16 7.647720247907144433e-17 1.181920401949285958e-15 9.629175039410358141e-16 4.652507993996692689e-15 -8.203918084118573119e-16 1.254921367952035874e-15 2.669749613814857693e-15 2.593272411335786051e-15 -8.206090731916273951e-16 -4.173221889823875811e-15 1.251445131475714544e-16 1.241537857518198436e-14 -8.864403014619644684e-16 -3.044314094138491723e-15 -2.190028980082500649e-15 4.581679675791643999e-15 9.594412674647144834e-16 5.777505023646215674e-15 -3.615285935374286459e-15 -2.340311028249471120e-14 3.698715610806000762e-15 -3.067952502177477482e-14 -1.209730293759857471e-14 -1.363032322365632414e-14 1.000000000000000000e+00 -1.938392912152782909e-13 3.484579443864600955e-14 -1.814247816992153916e-14
-8.273442813645001705e-16 -2.363840803898571916e-16 4.077625386725036850e-15 -8.541113022321752450e-15 -4.787646687013688363e-15 -4.202769899872607910e-15 6.973330371500787349e-15 -5.716670885310590809e-15 -1.255790427071116365e-14 -1.742637345579932610e-14 -2.810537191105875530e-15 9.717330223802072542e-15 -3.145994011070893505e-16 5.965221793367572263e-15 -9.188562066036617645e-15 -8.044011206207787964e-15 -7.738102396291501397e-15 -1.001156105180571635e-14 1.022013524038500211e-15 -2.194200463854086088e-14 -1.674351025298193459e-15 -4.699871715986572397e-15 -1.291421850953410951e-14 3.581914065201600738e-14 9.241574672300519515e-15 -1.028965996991143069e-15 -1.938392912152782909e-13 1.000000000000000222e+00 5.101724652649329426e-14 -4.090835085335058065e-14
-1.425256955291786008e-16 8.690591190803573220e-17 0.000000000000000000e+00 1.512162867199821740e-16 -1.911930061976786108e-16 4.962327569948839963e-15 -4.174960008062036476e-15 -5.019685471808143497e-15 6.604849305010715647e-17 -3.053873744448375777e-15 1.209730293759857392e-15 5.050971600095037051e-15 1.241885481165830687e-15 7.793722179912644266e-15 -2.450746715806607549e-15 -4.315747585353054313e-15 -2.085741885792857573e-16 -6.773446774112305312e-15 -3.031278207352286339e-15 5.197951223609502258e-15 5.422928903061429689e-16 6.180748454899501077e-15 6.910758114927001030e-15 1.764711447204573691e-14 5.422928903061429689e-15 6.629182960344965356e-15 3.484579443864600955e-14 5.101724652649329426e-14 9.999999999999996669e-01 -6.977614832957853673e-13
7.977962713157680709e-16 8.864403014619644684e-16 -3.051483831870904468e-15 4.157578825680429823e-15 4.606013331125894102e-15 2.442925183734884555e-15 -9.340647411875680595e-15 2.142056916709264865e-14 -1.282731259762607309e-15 1.074504694830953763e-14 -1.236410408715624315e-14 -4.929303323423786533e-15 1.024273077748109115e-14 -2.206975632904567530e-15 -6.750851237016215874e-15 8.836593122809073447e-15 -9.238098435824198579e-16 7.651196484383466553e-15 -7.304115998700747649e-15 -3.733477975569214858e-15 1.149939026367128848e-14 -5.847029753172643549e-14 1.033050574850820791e-14 -7.133237249411572504e-15 -1.032616045291280624e-14 -2.138580680232943219e-14 -1.814247816992153916e-14 -4.090835085335058065e-14 -6.977614832957853673e-13 1.000000000000000000e+00
