9.999999999999997780e-01 1.830168980053706178e-13 1.932231282998503224e-13 8.245632921834429876e-15 -2.022822005571439752e-14 -3.573571097658428913e-15 1.439161901197071607e-14 -3.893384853480000802e-16 -2.572414992477857673e-16 -1.390494590528571715e-17 3.198137558215714945e-16 -1.807642967687143230e-16 -3.267662287742143531e-16 -7.647720247907144433e-17 -7.021997682169287161e-16 1.025489760514821640e-16 -1.216682766712500251e-15 2.433365533425000501e-17 -2.063146348696768134e-15 9.559650309883930541e-17 -1.868477106022768094e-15 1.390494590528571715e-16 -1.307064915096857412e-15 2.980872778445625861e-16 1.736814649482094145e-15 8.690591190803573220e-18 -1.715522701064625403e-15 -1.538234640772232460e-16 -4.936255796376429589e-16 -8.690591190803573220e-17
1.830168980053706178e-13 9.999999999999997780e-01 -5.568235587771665003e-13 -1.531768840926274570e-13 6.349693547648723112e-14 -1.724213292255428927e-15 -7.016435703807173269e-14 9.497078053310145209e-15 3.879479907574715480e-15 -6.257225657378572718e-17 -3.079945518020786546e-15 6.187700927852144132e-16 4.734634080749786493e-15 1.035918469943785928e-15 2.876585684155982785e-15 -9.003452473672502842e-16 1.040089953715371643e-14 -1.929311244358393255e-16 1.531629791467221843e-14 -7.369621329801430090e-16 1.356427473060621728e-14 -8.725353555566787512e-16 2.791417890486107817e-15 -1.360946580479839615e-15 -1.227111476141464598e-14 -2.780989181057143430e-17 1.030704115229303735e-14 1.028965996991143069e-15 -3.033016325590447004e-15 9.481434989166697643e-16
1.932231282998503224e-13 -5.568235587771665003e-13 1.000000000000000000e+00 7.610176893962872957e-14 1.140761762069640188e-13 2.320735471592186311e-14 -1.248664142294657321e-14 -1.288988485419986019e-14 -3.059088099162857773e-15 -6.144247971898126513e-16 -2.735798106864964948e-15 -3.476236476321429288e-17 -2.488985317046143370e-15 -9.507506762739109595e-16 -3.038230680304929000e-15 2.085741885792857573e-17 -4.772872681989322708e-15 -1.390494590528571715e-17 -7.100213002886519074e-15 0.000000000000000000e+00 -5.356880410011322828e-15 2.294316074372143330e-16 2.829656491725643637e-15 4.519107419217858074e-17 5.596740726877500956e-15 -1.772880602923928937e-16 -2.697559505625429127e-15 -2.850513910583572016e-16 6.187700927852143738e-15 -6.213772701424555098e-16
8.245632921834429876e-15 -1.531768840926274570e-13 7.610176893962872957e-14 1.000000000000000000e+00 5.239035993464025900e-13 1.036752766698103071e-13 -1.079301901168277420e-13 -8.221299266500180561e-14 -6.111918972668336520e-14 -3.059088099162857773e-15 7.202761978938001642e-14 -1.904977589024143250e-15 -6.547925932710952043e-14 -2.415984351043393454e-15 2.298487558143729163e-14 2.057931993982286138e-15 1.824328902773486090e-14 1.042870942896428786e-16 -8.954785163004001845e-15 2.936550763372527317e-15 5.646277096665081496e-15 -5.238688369816393641e-15 8.377729907934645175e-15 -2.885276275346786309e-16 1.566044532582803845e-15 8.690591190803573220e-17 -8.492445711653252243e-15 -7.213190688366966265e-16 9.927262317254920924e-15 -6.639611669773929940e-16
-2.022822005571439752e-14 6.349693547648723112e-14 1.140761762069640188e-13 5.239035993464025900e-13 1.000000000000000000e+00 2.079415135405952656e-13 -2.676423987849394648e-13 -5.636369822707565230e-14 -9.502640031672259653e-14 1.592116306155214614e-15 9.764053014691630031e-14 -1.091538253564928796e-15 -4.585503535915597305e-14 6.778661128826787111e-16 4.910531646451651189e-14 -3.823860123953572217e-16 2.093389606040764658e-14 -1.390494590528571715e-16 1.000460857885307369e-14 2.463782602592812934e-15 1.903152564874074472e-14 -6.479704791863144192e-15 1.912972932919682547e-14 -3.370211263793625547e-15 -1.770447237390503887e-14 4.814587519705179071e-16 4.633823222936465536e-15 1.783309312352893126e-15 9.677842350078859137e-15 3.858622488716786509e-16
-3.573571097658428913e-15 -1.724213292255428927e-15 2.320735471592186311e-14 1.036752766698103071e-13 2.079415135405952656e-13 1.000000000000000000e+00 4.821644279752112113e-13 3.337187017268572116e-15 4.801516870554211104e-13 -1.542058500896186150e-14 1.075895189421482296e-14 5.249117079245358422e-15 -2.196460017563694953e-14 -3.921194745290572237e-15 -5.695465842805029745e-14 -4.387010433117643958e-15 1.230587712617785928e-14 -9.914226430468715934e-15 2.032034032233691594e-14 -2.892228748299429167e-15 -7.529528207712215246e-15 6.535324575484287061e-15 -4.253175328779268783e-15 7.049807573979858990e-15 2.293968450724511118e-14 3.896861089956322133e-15 -4.582983264470264498e-15 -1.008108578133214493e-15 1.183658520187446623e-15 3.034754443828607670e-15
1.439161901197071607e-14 -7.016435703807173269e-14 -1.248664142294657321e-14 -1.079301901168277420e-13 -2.676423987849394648e-13 4.821644279752112113e-13 1.000000000000000000e+00 8.904727357744973106e-14 -5.817829366771544372e-14 -2.255208414013527334e-14 -8.119793161391593919e-14 1.034180351705625262e-15 -1.584051437530148898e-13 -9.862082883323894396e-15 1.911234814681521882e-14 3.157813215090386404e-14 1.327922333954786027e-14 9.309361283588787041e-15 -4.505202473312572041e-14 1.197563466092732340e-14 -1.989102511751121898e-14 -1.289683732715250364e-15 -2.848819245301365288e-14 -1.875429578975411150e-15 6.072985124133536670e-15 -5.760123841264608231e-15 5.515049169683947319e-15 -8.638447643658751287e-16 -2.070446445297043244e-14 7.682482612670358726e-16
-3.893384853480000802e-16 9.497078053310145209e-15 -1.288988485419986019e-14 -8.221299266500180561e-14 -5.636369822707565230e-14 3.337187017268572116e-15 8.904727357744973106e-14 9.999999999999997780e-01 1.705154825773996714e-12 -1.276474034105228913e-14 -3.814126661819871938e-14 2.881104791575200909e-14 1.494434061170582342e-14 -8.822688176903788124e-15 1.020970653095603851e-14 -1.140205564233428806e-14 4.754274816841002958e-14 2.711464451530714844e-15 -9.747367079605287329e-15 2.030122102171714704e-15 -8.770544629758966586e-15 5.172639876766286780e-15 -5.641931801069679833e-15 -7.499980197663483935e-16 1.444810785471093986e-16 -1.028965996991143069e-15 -1.960597372645286118e-15 1.216682766712500251e-16 7.366145093325107971e-15 2.537652627714643380e-16
-2.572414992477857673e-16 3.879479907574715480e-15 -3.059088099162857773e-15 -6.111918972668336520e-14 -9.502640031672259653e-14 4.801516870554211104e-13 -5.817829366771544372e-14 1.705154825773996714e-12 9.999999999999995559e-01 -2.094780100631293190e-14 3.454544760709183522e-13 1.589317935791775966e-13 1.996194034162817475e-13 3.813431414524607672e-14 -5.250507573835886796e-14 5.807748280990212513e-14 8.381901391706229825e-14 1.851095923641161046e-15 7.091522411695715747e-15 -1.887248782994904069e-14 -6.465799845957858475e-16 2.457699188759250605e-15 5.471596213729929896e-15 8.134610619371914222e-15 -1.671570036117136198e-14 -5.625419677807152723e-15 -3.404278381261575692e-14 2.083134708435616575e-15 1.449938234273668047e-14 -4.101959042059286560e-16
-1.390494590528571715e-17 -6.257225657378572718e-17 -6.144247971898126513e-16 -3.059088099162857773e-15 1.592116306155214614e-15 -1.542058500896186150e-14 -2.255208414013527334e-14 -1.276474034105228913e-14 -2.094780100631293190e-14 9.999999999999997780e-01 -5.426683238455856379e-13 2.085741885792857573e-15 -2.600224884288429107e-15 4.791644358961457894e-14 -2.052543827443988076e-14 -7.369621329801430090e-16 5.643322295660208523e-14 2.237653419808103983e-14 -4.228494049797386546e-14 -5.235212133340072310e-15 -8.318633887837180976e-15 -7.056760046932501651e-15 -5.729272242537255830e-16 5.339499227629715386e-15 2.767084235151857713e-15 -2.128108517848024974e-15 1.891072643118857533e-15 -1.181920401949285958e-15 -1.364422816956160946e-14 6.952472952642858576e-17
3.198137558215714945e-16 -3.079945518020786546e-15 -2.735798106864964948e-15 7.202761978938001642e-14 9.764053014691630031e-14 1.075895189421482296e-14 -8.119793161391593919e-14 -3.814126661819871938e-14 3.454544760709183522e-13 -5.426683238455856379e-13 1.000000000000000222e+00 -8.979118818338252107e-14 9.216198146023373170e-14 -6.180748454899501077e-15 4.823625734543615398e-14 -5.550506781742425838e-14 8.779582844597401415e-14 2.939853188025032660e-14 -5.237993122521129375e-14 -7.922342929536536657e-15 -1.617145208784728786e-14 8.631929700265648792e-15 -7.623386592572894330e-15 4.449582689691429488e-16 2.348545363402757587e-14 6.448418663576251427e-15 7.834785223289191562e-15 9.385838486067859077e-16 -2.537652627714643380e-16 -2.426413060472357446e-15
-1.807642967687143230e-16 6.187700927852144132e-16 -3.476236476321429288e-17 -1.904977589024143250e-15 -1.091538253564928796e-15 5.249117079245358422e-15 1.034180351705625262e-15 2.881104791575200909e-14 1.589317935791775966e-13 2.085741885792857573e-15 -8.979118818338252107e-14 9.999999999999997780e-01 2.276348277085156931e-13 7.041464606436686850e-14 -3.273398077928073805e-14 -2.995125347998543711e-14 1.219116132245925222e-14 -5.283879444008572517e-15 2.258337026842216532e-14 3.107755409831357981e-15 3.906790090391815249e-14 -1.585163833202571755e-15 -3.653524536613821886e-15 -5.888744590888501411e-15 8.163941364640877028e-15 7.995343895539287362e-17 -1.696751024092489783e-14 -4.457621486542922566e-15 4.597322739935089987e-16 -9.316313756541430491e-16
-3.267662287742143531e-16 4.734634080749786493e-15 -2.488985317046143370e-15 -6.547925932710952043e-14 -4.585503535915597305e-14 -2.196460017563694953e-14 -1.584051437530148898e-13 1.494434061170582342e-14 1.996194034162817475e-13 -2.600224884288429107e-15 9.216198146023373170e-14 2.276348277085156931e-13 9.999999999999997780e-01 2.236158638123285748e-13 2.905299397450397623e-13 4.936603420024061801e-14 -7.084569938743072612e-14 4.667542716756783233e-14 1.329312828545314560e-14 1.303045516671110716e-14 4.568469977181622153e-14 -1.074157071183321630e-14 -2.541128864190964671e-14 1.206340963195444016e-14 2.756307902075261351e-14 -6.731731936396447767e-15 4.310533230638572317e-16 1.595809807411306225e-15 1.991601056718477854e-14 2.916562403633679271e-15
-7.647720247907144433e-17 1.035918469943785928e-15 -9.507506762739109595e-16 -2.415984351043393454e-15 6.778661128826787111e-16 -3.921194745290572237e-15 -9.862082883323894396e-15 -8.822688176903788124e-15 3.813431414524607672e-14 4.791644358961457894e-14 -6.180748454899501077e-15 7.041464606436686850e-14 2.236158638123285748e-13 1.000000000000000000e+00 1.314886447168580690e-13 -5.228259660387429649e-15 -1.943042378439863004e-14 -3.239852395931572333e-14 -2.662938362969065428e-14 6.257225657378572718e-16 8.450730873937394697e-15 7.126284776458930040e-16 -2.761174633142111214e-14 2.495937789998786426e-15 2.332554675611679151e-15 1.891072643118857533e-15 7.524313852997733250e-15 3.163375193452500849e-15 -5.389904656536376259e-15 -7.973617417562279045e-17
-7.021997682169287161e-16 2.876585684155982785e-15 -3.038230680304929000e-15 2.298487558143729163e-14 4.910531646451651189e-14 -5.695465842805029745e-14 1.911234814681521882e-14 1.020970653095603851e-14 -5.250507573835886796e-14 -2.052543827443988076e-14 4.823625734543615398e-14 -3.273398077928073805e-14 2.905299397450397623e-13 1.314886447168580690e-13 1.000000000000000000e+00 1.283148408139765931e-13 1.188594775983823213e-13 -6.862894683943650130e-14 -9.933693354736116017e-14 -2.170735867638916474e-14 -1.992578748227443228e-14 1.217378014007764556e-14 2.151268943371516392e-14 -1.502950840537569918e-14 4.727681607797143831e-15 -8.933493214586533695e-15 -2.120504250556071668e-15 -1.842405332450357325e-15 -1.000113234237675236e-14 3.038230680304929000e-15
1.025489760514821640e-16 -9.003452473672502842e-16 2.085741885792857573e-17 2.057931993982286138e-15 -3.823860123953572217e-16 -4.387010433117643958e-15 3.157813215090386404e-14 -1.140205564233428806e-14 5.807748280990212513e-14 -7.369621329801430090e-16 -5.550506781742425838e-14 -2.995125347998543711e-14 4.936603420024061801e-14 -5.228259660387429649e-15 1.283148408139765931e-13 1.000000000000000000e+00 6.828515791516730550e-12 -1.265350077381000340e-14 3.544023087609697208e-15 2.266506182561571975e-14 -3.258971696551339809e-15 4.713776661891858509e-15 -7.355716383896143979e-15 8.049225560922269960e-15 -1.514639685689200708e-14 3.483188949274071949e-15 5.581097662734054968e-15 -6.076461360609858001e-15 -1.063554549930541256e-14 -1.008108578133214493e-15
-1.216682766712500251e-15 1.040089953715371643e-14 -4.772872681989322708e-15 1.824328902773486090e-14 2.093389606040764658e-14 1.230587712617785928e-14 1.327922333954786027e-14 4.754274816841002958e-14 8.381901391706229825e-14 5.643322295660208523e-14 8.779582844597401415e-14 1.219116132245925222e-14 -7.084569938743072612e-14 -1.943042378439863004e-14 1.188594775983823213e-13 6.828515791516730550e-12 9.999999999999996669e-01 -2.804627589096129110e-14 -5.784457496598858335e-14 7.654672720859787883e-15 4.530926623237351151e-14 6.206820228471911845e-15 -1.141596058823957339e-14 1.632093025632911139e-14 1.977978555026893166e-15 -5.440310085443037131e-15 2.780989181057143430e-15 1.644868194683392345e-14 -6.952472952642858576e-18 -1.154892663345886902e-14
2.433365533425000501e-17 -1.929311244358393255e-16 -1.390494590528571715e-17 1.042870942896428786e-16 -1.390494590528571715e-16 -9.914226430468715934e-15 9.309361283588787041e-15 2.711464451530714844e-15 1.851095923641161046e-15 2.237653419808103983e-14 2.939853188025032660e-14 -5.283879444008572517e-15 4.667542716756783233e-14 -3.239852395931572333e-14 -6.862894683943650130e-14 -1.265350077381000340e-14 -2.804627589096129110e-14 1.000000000000000000e+00 -1.376589644623286077e-14 -6.674374034537144233e-16 -1.318188871821085986e-14 -7.703340031528286513e-15 -2.812840197771438569e-14 -6.632659196821286687e-15 3.980290765388036535e-16 4.216674845777894022e-15 -1.112395672422857372e-14 2.739274343341286279e-15 -5.261283906912483079e-15 2.064884466934928800e-15
-2.063146348696768134e-15 1.531629791467221843e-14 -7.100213002886519074e-15 -8.954785163004001845e-15 1.000460857885307369e-14 2.032034032233691594e-14 -4.505202473312572041e-14 -9.747367079605287329e-15 7.091522411695715747e-15 -4.228494049797386546e-14 -5.237993122521129375e-14 2.258337026842216532e-14 1.329312828545314560e-14 -2.662938362969065428e-14 -9.933693354736116017e-14 3.544023087609697208e-15 -5.784457496598858335e-14 -1.376589644623286077e-14 1.000000000000000000e+00 -2.937767446139239862e-14 -3.771021329513486807e-14 2.655931573821480088e-14 -1.942520942968414804e-14 -7.369621329801429301e-15 9.267646445872931073e-15 1.163496348624782353e-14 5.443786321919358462e-15 7.044593219265376205e-15 2.940896058967929375e-15 -4.636430400293705943e-16
9.559650309883930541e-17 -7.369621329801430090e-16 0.000000000000000000e+00 2.936550763372527317e-15 2.463782602592812934e-15 -2.892228748299429167e-15 1.197563466092732340e-14 2.030122102171714704e-15 -1.887248782994904069e-14 -5.235212133340072310e-15 -7.922342929536536657e-15 3.107755409831357981e-15 1.303045516671110716e-14 6.257225657378572718e-16 -2.170735867638916474e-14 2.266506182561571975e-14 7.654672720859787883e-15 -6.674374034537144233e-16 -2.937767446139239862e-14 9.999999999999996669e-01 5.158608048229615439e-12 -2.308221020277429205e-14 -3.727394561735652845e-14 -2.030122102171714704e-15 3.340663253744893447e-15 1.016451545676385963e-14 6.413656298813036543e-16 1.125257747385246611e-14 -6.269501117435582417e-15 3.510998841084643383e-15
-1.868477106022768094e-15 1.356427473060621728e-14 -5.356880410011322828e-15 5.646277096665081496e-15 1.903152564874074472e-14 -7.529528207712215246e-15 -1.989102511751121898e-14 -8.770544629758966586e-15 -6.465799845957858475e-16 -8.318633887837180976e-15 -1.617145208784728786e-14 3.906790090391815249e-14 4.568469977181622153e-14 8.450730873937394697e-15 -1.992578748227443228e-14 -3.258971696551339809e-15 4.530926623237351151e-14 -1.318188871821085986e-14 -3.771021329513486807e-14 5.158608048229615439e-12 9.999999999999996669e-01 2.982610896683786289e-14 -9.232884081109716820e-14 3.294776932257450620e-14 -1.607411746651028745e-14 6.749113118778055209e-15 -1.065118856344886013e-14 -1.759953348527608554e-14 1.416913987748614617e-14 3.623976526565089786e-16
1.390494590528571715e-16 -8.725353555566787512e-16 2.294316074372143330e-16 -5.238688369816393641e-15 -6.479704791863144192e-15 6.535324575484287061e-15 -1.289683732715250364e-15 5.172639876766286780e-15 2.457699188759250605e-15 -7.056760046932501651e-15 8.631929700265648792e-15 -1.585163833202571755e-15 -1.074157071183321630e-14 7.126284776458930040e-16 1.217378014007764556e-14 4.713776661891858509e-15 6.206820228471911845e-15 -7.703340031528286513e-15 2.655931573821480088e-14 -2.308221020277429205e-14 2.982610896683786289e-14 1.000000000000000000e+00 8.683464906027114097e-14 -1.382151622985400206e-14 2.321256907063634432e-15 1.779833075876571795e-15 -1.929935880600232185e-14 8.662781298993002180e-15 -1.075895189421482296e-14 -1.635569262109232431e-15
-1.307064915096857412e-15 2.791417890486107817e-15 2.829656491725643637e-15 8.377729907934645175e-15 1.912972932919682547e-14 -4.253175328779268783e-15 -2.848819245301365288e-14 -5.641931801069679833e-15 5.471596213729929896e-15 -5.729272242537255830e-16 -7.623386592572894330e-15 -3.653524536613821886e-15 -2.541128864190964671e-14 -2.761174633142111214e-14 2.151268943371516392e-14 -7.355716383896143979e-15 -1.141596058823957339e-14 -2.812840197771438569e-14 -1.942520942968414804e-14 -3.727394561735652845e-14 -9.232884081109716820e-14 8.683464906027114097e-14 1.000000000000000000e+00 1.256120669536366828e-13 -1.988407264455857632e-14 -1.439596430756611891e-15 2.850513910583572016e-15 1.687712809254053969e-15 -2.576586476249443506e-14 -1.684236572777732441e-15
2.980872778445625861e-16 -1.360946580479839615e-15 4.519107419217858074e-17 -2.885276275346786309e-16 -3.370211263793625547e-15 7.049807573979858990e-15 -1.875429578975411150e-15 -7.499980197663483935e-16 8.134610619371914222e-15 5.339499227629715386e-15 4.449582689691429488e-16 -5.888744590888501411e-15 1.206340963195444016e-14 2.495937789998786426e-15 -1.502950840537569918e-14 8.049225560922269960e-15 1.632093025632911139e-14 -6.632659196821286687e-15 -7.369621329801429301e-15 -2.030122102171714704e-15 3.294776932257450620e-14 -1.382151622985400206e-14 1.256120669536366828e-13 1.000000000000000000e+00 4.989246676162354530e-14 -3.629190881279572098e-14 5.455084090467402787e-15 2.321430718887450577e-14 -4.453058926167750819e-15 4.602537094649572771e-15
1.736814649482094145e-15 -1.227111476141464598e-14 5.596740726877500956e-15 1.566044532582803845e-15 -1.770447237390503887e-14 2.293968450724511118e-14 6.072985124133536670e-15 1.444810785471093986e-16 -1.671570036117136198e-14 2.767084235151857713e-15 2.348545363402757587e-14 8.163941364640877028e-15 2.756307902075261351e-14 2.332554675611679151e-15 4.727681607797143831e-15 -1.514639685689200708e-14 1.977978555026893166e-15 3.980290765388036535e-16 9.267646445872931073e-15 3.340663253744893447e-15 -1.607411746651028745e-14 2.321256907063634432e-15 -1.988407264455857632e-14 4.989246676162354530e-14 1.000000000000000000e+00 1.378849198332894942e-14 4.000452936950700943e-14 -3.048833201557709532e-14 -1.373808655442228855e-14 1.834236176731002198e-14
8.690591190803573220e-18 -2.780989181057143430e-17 -1.772880602923928937e-16 8.690591190803573220e-17 4.814587519705179071e-16 3.896861089956322133e-15 -5.760123841264608231e-15 -1.028965996991143069e-15 -5.625419677807152723e-15 -2.128108517848024974e-15 6.448418663576251427e-15 7.995343895539287362e-17 -6.731731936396447767e-15 1.891072643118857533e-15 -8.933493214586533695e-15 3.483188949274071949e-15 -5.440310085443037131e-15 4.216674845777894022e-15 1.163496348624782353e-14 1.016451545676385963e-14 6.749113118778055209e-15 1.779833075876571795e-15 -1.439596430756611891e-15 -3.629190881279572098e-14 1.378849198332894942e-14 1.000000000000000000e+00 2.484640021450741707e-15 -3.651438794728029245e-14 -2.705207225873336213e-14 5.283879444008572517e-16
-1.715522701064625403e-15 1.030704115229303735e-14 -2.697559505625429127e-15 -8.492445711653252243e-15 4.633823222936465536e-15 -4.582983264470264498e-15 5.515049169683947319e-15 -1.960597372645286118e-15 -3.404278381261575692e-14 1.891072643118857533e-15 7.834785223289191562e-15 -1.696751024092489783e-14 4.310533230638572317e-16 7.524313852997733250e-15 -2.120504250556071668e-15 5.581097662734054968e-15 2.780989181057143430e-15 -1.112395672422857372e-14 5.443786321919358462e-15 6.413656298813036543e-16 -1.065118856344886013e-14 -1.929935880600232185e-14 2.850513910583572016e-15 5.455084090467402787e-15 4.000452936950700943e-14 2.484640021450741707e-15 9.999999999999997780e-01 -3.750250816567466225e-14 -6.991406801177658426e-14 -1.291943286424859150e-14
-1.538234640772232460e-16 1.028965996991143069e-15 -2.850513910583572016e-16 -7.213190688366966265e-16 1.783309312352893126e-15 -1.008108578133214493e-15 -8.638447643658751287e-16 1.216682766712500251e-16 2.083134708435616575e-15 -1.181920401949285958e-15 9.385838486067859077e-16 -4.457621486542922566e-15 1.595809807411306225e-15 3.163375193452500849e-15 -1.842405332450357325e-15 -6.076461360609858001e-15 1.644868194683392345e-14 2.739274343341286279e-15 7.044593219265376205e-15 1.125257747385246611e-14 -1.759953348527608554e-14 8.662781298993002180e-15 1.687712809254053969e-15 2.321430718887450577e-14 -3.048833201557709532e-14 -3.651438794728029245e-14 -3.750250816567466225e-14 1.000000000000000000e+00 -1.117036448118746475e-13 2.647501700366400546e-14
-4.936255796376429589e-16 -3.033016325590447004e-15 6.187700927852143738e-15 9.927262317254920924e-15 9.677842350078859137e-15 1.183658520187446623e-15 -2.070446445297043244e-14 7.366145093325107971e-15 1.449938234273668047e-14 -1.364422816956160946e-14 -2.537652627714643380e-16 4.597322739935089987e-16 1.991601056718477854e-14 -5.389904656536376259e-15 -1.000113234237675236e-14 -1.063554549930541256e-14 -6.952472952642858576e-18 -5.261283906912483079e-15 2.940896058967929375e-15 -6.269501117435582417e-15 1.416913987748614617e-14 -1.075895189421482296e-14 -2.576586476249443506e-14 -4.453058926167750819e-15 -1.373808655442228855e-14 -2.705207225873336213e-14 -6.991406801177658426e-14 -1.117036448118746475e-13 9.999999999999996669e-01 -2.330816557373518485e-14
-8.690591190803573220e-17 9.481434989166697643e-16 -6.213772701424555098e-16 -6.639611669773929940e-16 3.858622488716786509e-16 3.034754443828607670e-15 7.682482612670358726e-16 2.537652627714643380e-16 -4.101959042059286560e-16 6.952472952642858576e-17 -2.426413060472357446e-15 -9.316313756541430491e-16 2.916562403633679271e-15 -7.973617417562279045e-17 3.038230680304929000e-15 -1.008108578133214493e-15 -1.154892663345886902e-14 2.064884466934928800e-15 -4.636430400293705943e-16 3.510998841084643383e-15 3.623976526565089786e-16 -1.635569262109232431e-15 -1.684236572777732441e-15 4.602537094649572771e-15 1.834236176731002198e-14 5.283879444008572517e-16 -1.291943286424859150e-14 2.647501700366400546e-14 -2.330816557373518485e-14 1.000000000000000000e+00
