1.000000000000000000e+00 4.076930139429772111e-14 -2.662043492794148244e-11 3.615285935374286459e-16 -9.399743431973144794e-15 -2.739274343341286279e-15 -8.760115920330001805e-16 -1.842405332450357523e-16 2.363840803898571916e-16 -6.743898764063572818e-16 3.823860123953572217e-16 -1.946692426740000401e-16 5.336022991153394450e-16 -1.390494590528571715e-16 -3.076469281544464920e-16 3.823860123953572217e-17 7.300096600275001504e-17 -7.300096600275001504e-17 -2.016217156266428987e-16 -2.250863118418125710e-16 1.042870942896428786e-17 7.995343895539287362e-17 -1.772880602923928937e-16 -1.390494590528571715e-16 8.516779366987501755e-17 -3.476236476321429288e-17 9.907273957516073470e-17 -2.085741885792857573e-17 -3.997671947769643681e-17 -3.476236476321429288e-18
4.076930139429772111e-14 1.000000000000000000e+00 -3.372783678786103805e-13 -2.503307411328587836e-13 -3.320501082182229477e-13 -6.966377898548144845e-14 -1.026254532539612400e-13 3.089678980154486430e-14 -6.785613601779429970e-15 -7.553514239398834005e-14 1.708917851759614756e-14 -5.078433868257975879e-14 4.061982322581590074e-15 4.623394513507500756e-15 -1.188872874901928816e-15 2.017955274504589652e-15 -1.032789857115096691e-14 -1.157586746615035854e-15 -1.153762886491082312e-14 -1.089800135326768092e-14 -6.903805641974358368e-15 1.640957428647530848e-14 -5.499406105540501331e-15 -3.006075492898955903e-15 1.891072643118857533e-15 2.266506182561571896e-15 1.034180351705625262e-15 3.528380023466250826e-15 1.303588678620535983e-16 -1.717260819302786068e-15
-2.662043492794148244e-11 -3.372783678786103805e-13 9.999999999999996669e-01 -2.391650695709143350e-15 1.771490108333400286e-14 2.091303864154971860e-14 6.410180062336715212e-15 -4.011576893674929201e-15 -1.195825347854571675e-15 7.765912288102073621e-15 -2.847037674107250685e-15 2.245648763703643517e-15 -2.972182187254822140e-15 1.084585780612285938e-15 1.201039702569053868e-15 -6.882948223116429990e-16 -3.337187017268572116e-16 9.003452473672502842e-16 5.718409003548750685e-16 2.509842735904071749e-15 -6.952472952642858576e-17 -1.015930110204937685e-15 4.419165620523616859e-16 4.727681607797143831e-16 -1.042870942896428786e-17 -2.668011495576697225e-16 2.867895092965179162e-17 7.369621329801430090e-16 1.216682766712500251e-17 7.543433153617501555e-16
3.615285935374286459e-16 -2.503307411328587836e-13 -2.391650695709143350e-15 1.000000000000000000e+00 -4.641255416522840371e-12 3.356653941535972325e-13 -1.682567979269098186e-13 -6.646564142726572798e-15 -1.927920749767864584e-14 1.699184389625914715e-14 -2.111466035717636209e-14 -2.053934322034516608e-14 7.517361380045090588e-16 9.656984931220931153e-15 1.964073609121607449e-15 3.364996909079143551e-15 6.469276082434180200e-15 2.690607032672786466e-15 4.004624420722286540e-15 2.248386299928746407e-14 -2.143968846771241439e-15 -4.171483771585715145e-16 -1.213206530236178723e-15 -1.651559949900310907e-14 -5.874839644983215496e-16 1.053647275973025148e-14 2.895704984775750498e-15 -6.378893934049823236e-16 1.181920401949285958e-15 -4.411344088451894062e-15
-9.399743431973144794e-15 -3.320501082182229477e-13 1.771490108333400286e-14 -4.641255416522840371e-12 9.999999999999996669e-01 3.101915332551137640e-13 -1.204168315397743026e-14 2.907698000619059341e-13 3.420616692700286419e-15 -4.964760935482265210e-14 -1.722822797664900394e-14 -2.643330216594814949e-14 -1.807642967687143230e-15 -1.307064915096857412e-14 -1.501734157770857452e-15 -3.125136592212965028e-15 -1.877167697213571815e-16 -3.768240340332429742e-15 3.997671947769643878e-15 -1.327748522130969961e-14 1.407875772910178862e-16 -4.143673879775143711e-15 -1.435685664720750197e-15 2.068360703411250525e-15 -4.964065688187000629e-15 -6.955949189119179906e-15 -5.245640842769037091e-15 4.576030791517621836e-15 -1.623402434442107576e-15 -5.196973532100536884e-15
-2.739274343341286279e-15 -6.966377898548144845e-14 2.091303864154971860e-14 3.356653941535972325e-13 3.101915332551137640e-13 9.999999999999996669e-01 9.271261731808304310e-13 9.513763988396487912e-14 -1.278837874909127481e-13 -5.592569243105915202e-14 -4.566992576679185588e-14 -8.276223802826058848e-14 -5.692511041800156614e-14 5.643322295660208523e-14 9.823844282084359759e-15 -2.863028361898329359e-14 -1.144724671652646694e-14 -4.583070170382172373e-14 1.571085075473469893e-14 -2.054803381153596941e-14 -9.705652241889429783e-15 1.809033462277671920e-14 1.173055998934666328e-14 6.632659196821286687e-15 -6.788220779136670968e-15 1.224330486960407375e-14 -1.141509152912049305e-15 -7.626862829049215660e-15 2.349935857993286199e-15 -6.330226623381323029e-15
-8.760115920330001805e-16 -1.026254532539612400e-13 6.410180062336715212e-15 -1.682567979269098186e-13 -1.204168315397743026e-14 9.271261731808304310e-13 9.999999999999996669e-01 1.785047430591053791e-14 -4.755491499607715423e-14 9.541791144986829271e-14 -3.879479907574714849e-14 -1.074852318478585896e-14 -2.113551777603429007e-15 9.667413640649895145e-15 -1.077633307659643119e-14 -1.340784408917175266e-14 -5.909602009746429395e-15 -2.717374053540461186e-14 -5.026637944760786947e-15 -1.672764992405871655e-14 -4.859778593897358342e-15 5.739266422406679458e-15 -1.025359401646959531e-14 -4.675538060652322293e-15 -3.823860123953572217e-17 -4.076756327605956518e-15 3.417140456223965089e-15 -4.548655429266590568e-15 -1.028965996991143069e-15 4.272294629399036891e-15
-1.842405332450357523e-16 3.089678980154486430e-14 -4.011576893674929201e-15 -6.646564142726572798e-15 2.907698000619059341e-13 9.513763988396487912e-14 1.785047430591053791e-14 9.999999999999996669e-01 -1.869760271812090407e-12 -2.044583245913211913e-13 7.345287674467179987e-15 1.519810587447728940e-13 -4.852304685473267007e-14 7.856294436486429796e-15 -2.785855912123993293e-14 -7.318173029951872345e-14 4.692919243033929736e-15 -1.925139760586807520e-14 1.878210568156468294e-14 2.498023531884579224e-14 5.381214065345572932e-15 -5.109024749249604851e-14 -2.484466209626925404e-14 -9.942362219448943282e-15 -7.538218798903020150e-15 -1.988407264455857553e-15 -5.332546754677072725e-15 -1.276126410457596623e-14 -7.586886109571518780e-15 -1.447157245092610983e-14
2.363840803898571916e-16 -6.785613601779429970e-15 -1.195825347854571675e-15 -1.927920749767864584e-14 3.420616692700286419e-15 -1.278837874909127481e-13 -4.755491499607715423e-14 -1.869760271812090407e-12 9.999999999999996669e-01 -3.111926893602943577e-14 6.268349614102801450e-14 -9.053162655283897712e-14 1.487829211865571814e-14 -1.064023841854844667e-13 2.372183771441743267e-14 -4.845786742080164512e-14 5.322118045248107944e-15 -2.558857670220204089e-14 -1.170796445225057305e-14 4.714037379627582293e-14 1.477052878788975373e-14 1.248664142294657321e-14 3.935099691195858348e-15 -2.798717987086382848e-14 3.046323793351364993e-15 2.464130226240445304e-14 3.337187017268572116e-15 -6.003460394607108479e-15 8.050963679160430625e-15 1.122998193675637746e-14
-6.743898764063572818e-16 -7.553514239398834005e-14 7.765912288102073621e-15 1.699184389625914715e-14 -4.964760935482265210e-14 -5.592569243105915202e-14 9.541791144986829271e-14 -2.044583245913211913e-13 -3.111926893602943577e-14 1.000000000000000000e+00 -5.519561324630212620e-12 1.871327619933351743e-13 1.726994281436485991e-14 -3.050745131619686264e-14 7.155137539212398150e-14 -6.279473570827029708e-14 8.502874421082216235e-15 -2.685045054310671864e-14 1.178791789120596681e-14 -4.276466113170622172e-14 -2.025776806576312883e-14 -1.769404366447607488e-14 9.521303076254509482e-15 4.185388717491000468e-15 -2.808799072867714865e-15 -2.459871836556951437e-15 -5.249117079245358422e-15 -1.378849198332894942e-14 5.864410935554251307e-15 7.126284776458929843e-15
3.823860123953572217e-16 1.708917851759614756e-14 -2.847037674107250685e-15 -2.111466035717636209e-14 -1.722822797664900394e-14 -4.566992576679185588e-14 -3.879479907574714849e-14 7.345287674467179987e-15 6.268349614102801450e-14 -5.519561324630212620e-12 9.999999999999996669e-01 -5.882139741583490251e-14 7.091522411695715274e-14 -3.012158906732518231e-14 2.091303864154971860e-14 -1.919230158577061258e-14 -1.904977589024143250e-15 1.228849594379625263e-14 -9.524887945120716249e-16 2.190028980082500649e-15 2.273458655514214951e-15 3.067126896014351166e-14 1.472533771369757328e-14 -5.322118045248107944e-15 -2.572414992477857673e-15 -1.526067813105107556e-15 5.731662155114726547e-15 -1.129776854804464420e-15 -1.581687596726250425e-15 4.249699092302947452e-15
-1.946692426740000401e-16 -5.078433868257975879e-14 2.245648763703643517e-15 -2.053934322034516608e-14 -2.643330216594814949e-14 -8.276223802826058848e-14 -1.074852318478585896e-14 1.519810587447728940e-13 -9.053162655283897712e-14 1.871327619933351743e-13 -5.882139741583490251e-14 9.999999999999997780e-01 1.225589579812131037e-11 -1.243936460686860312e-13 1.174203156971852399e-13 6.304502473456544551e-14 -2.710769204235450657e-14 -8.042620711617259116e-14 -1.915058674805475345e-14 -6.864176546144293936e-14 -1.224569478218154467e-14 -7.077617465790429636e-15 -2.388174459232822019e-15 1.645650347890564645e-14 -3.389330564413393654e-15 -1.795476140020018099e-14 -1.788871290715007571e-14 1.688799133152904424e-14 2.480294725855339649e-15 -1.129776854804464420e-15
5.336022991153394450e-16 4.061982322581590074e-15 -2.972182187254822140e-15 7.517361380045090588e-16 -1.807642967687143230e-15 -5.692511041800156614e-14 -2.113551777603429007e-15 -4.852304685473267007e-14 1.487829211865571814e-14 1.726994281436485991e-14 7.091522411695715274e-14 1.225589579812131037e-11 1.000000000000000000e+00 1.864357765798327223e-13 -1.722822797664900458e-13 1.683888949130100229e-14 -8.064868625065715948e-16 -5.350449372530127578e-14 4.088054096154000842e-15 -2.426174069214610512e-14 -1.320969861002143129e-15 -2.001616963065879004e-14 -1.807642967687143230e-16 7.091522411695715747e-15 -4.011576893674929201e-15 -3.778669049761393734e-15 -5.579359544495894303e-15 1.476531443317527174e-14 3.912938683659308780e-16 3.519689432275447105e-15
-1.390494590528571715e-16 4.623394513507500756e-15 1.084585780612285938e-15 9.656984931220931153e-15 -1.307064915096857412e-14 5.643322295660208523e-14 9.667413640649895145e-15 7.856294436486429796e-15 -1.064023841854844667e-13 -3.050745131619686264e-14 -3.012158906732518231e-14 -1.243936460686860312e-13 1.864357765798327223e-13 9.999999999999997780e-01 -1.389953166697384592e-12 -2.558510046572571956e-15 1.880226785312734602e-13 -3.953176120872729583e-14 8.730079064526786230e-15 2.304049536505843293e-14 2.164478641981538079e-14 -2.467432650892950568e-14 -2.218707931012152100e-14 -4.293152048256964875e-15 3.914242272337929575e-15 2.056541499391757606e-14 2.136494938347150421e-14 -1.114481414308650171e-14 7.878020914463439690e-15 1.121086263613660896e-15
-3.076469281544464920e-16 -1.188872874901928816e-15 1.201039702569053868e-15 1.964073609121607449e-15 -1.501734157770857452e-15 9.823844282084359759e-15 -1.077633307659643119e-14 -2.785855912123993293e-14 2.372183771441743267e-14 7.155137539212398150e-14 2.091303864154971860e-14 1.174203156971852399e-13 -1.722822797664900458e-13 -1.389953166697384592e-12 1.000000000000000000e+00 -3.155379849556961473e-14 -1.314851684803817477e-13 -4.379840695385230425e-15 -2.836608964678286299e-15 -8.309943296646376072e-15 9.677842350078859137e-15 -6.307631086285233591e-15 2.537652627714643183e-15 -9.119906395629269786e-15 -2.196981453035143310e-15 1.487307776394123614e-14 5.367309119440286820e-15 -5.808791151933108439e-15 -5.249117079245358225e-16 2.966967832540339749e-15
3.823860123953572217e-17 2.017955274504589652e-15 -6.882948223116429990e-16 3.364996909079143551e-15 -3.125136592212965028e-15 -2.863028361898329359e-14 -1.340784408917175266e-14 -7.318173029951872345e-14 -4.845786742080164512e-14 -6.279473570827029708e-14 -1.919230158577061258e-14 6.304502473456544551e-14 1.683888949130100229e-14 -2.558510046572571956e-15 -3.155379849556961473e-14 1.000000000000000222e+00 2.506018658515338404e-12 1.701409180970760303e-13 -1.193670081239252355e-13 5.909602009746430026e-14 -1.051996063646772516e-14 1.500343663180328920e-14 1.872300966146721716e-14 -2.851209157878836203e-14 4.882374130993447780e-15 1.456543083578678970e-15 4.362676777783393756e-16 -6.987235317406072868e-16 2.589796174859464721e-15 1.115871908899178703e-15
7.300096600275001504e-17 -1.032789857115096691e-14 -3.337187017268572116e-16 6.469276082434180200e-15 -1.877167697213571815e-16 -1.144724671652646694e-14 -5.909602009746429395e-15 4.692919243033929736e-15 5.322118045248107944e-15 8.502874421082216235e-15 -1.904977589024143250e-15 -2.710769204235450657e-14 -8.064868625065715948e-16 1.880226785312734602e-13 -1.314851684803817477e-13 2.506018658515338404e-12 1.000000000000000000e+00 5.953228777524263988e-14 1.662475332435960390e-13 3.521775174161239824e-14 -3.531856259942572156e-15 -6.382370170526144567e-15 -5.881792117935858749e-15 1.119348145375500231e-15 1.112395672422857372e-15 2.832872010466240868e-14 3.935099691195858348e-15 -1.415262775422361827e-14 -1.140205564233428806e-15 -9.420600850831074356e-16
-7.300096600275001504e-17 -1.157586746615035854e-15 9.003452473672502842e-16 2.690607032672786466e-15 -3.768240340332429742e-15 -4.583070170382172373e-14 -2.717374053540461186e-14 -1.925139760586807520e-14 -2.558857670220204089e-14 -2.685045054310671864e-14 1.228849594379625263e-14 -8.042620711617259116e-14 -5.350449372530127578e-14 -3.953176120872729583e-14 -4.379840695385230425e-15 1.701409180970760303e-13 5.953228777524263988e-14 9.999999999999997780e-01 1.322127447748758174e-12 1.245883153113600257e-14 -1.142812741590669773e-13 -5.776114529055687141e-14 -1.335570054202693113e-14 2.516795208856714804e-15 -1.301850560382375219e-15 -8.746210974424715694e-15 -1.423518837053625303e-14 -7.001140263311358783e-15 6.704791103704956665e-15 5.527215997351072765e-15
-2.016217156266428987e-16 -1.153762886491082312e-14 5.718409003548750685e-16 4.004624420722286540e-15 3.997671947769643878e-15 1.571085075473469893e-14 -5.026637944760786947e-15 1.878210568156468294e-14 -1.170796445225057305e-14 1.178791789120596681e-14 -9.524887945120716249e-16 -1.915058674805475345e-14 4.088054096154000842e-15 8.730079064526786230e-15 -2.836608964678286299e-15 -1.193670081239252355e-13 1.662475332435960390e-13 1.322127447748758174e-12 1.000000000000000000e+00 -2.523747681809357860e-15 1.066231252017308838e-13 3.937793774465007064e-14 1.661641035681643081e-14 8.968690108909287563e-16 -5.589788253924858295e-15 -5.678432284071054594e-15 -1.418304482339143149e-15 -3.140779656356411411e-15 1.293159969191571695e-15 2.547103645634642195e-15
-2.250863118418125710e-16 -1.089800135326768092e-14 2.509842735904071749e-15 2.248386299928746407e-14 -1.327748522130969961e-14 -2.054803381153596941e-14 -1.672764992405871655e-14 2.498023531884579224e-14 4.714037379627582293e-14 -4.276466113170622172e-14 2.190028980082500649e-15 -6.864176546144293936e-14 -2.426174069214610512e-14 2.304049536505843293e-14 -8.309943296646376072e-15 5.909602009746430026e-14 3.521775174161239824e-14 1.245883153113600257e-14 -2.523747681809357860e-15 9.999999999999997780e-01 7.945320852645022293e-13 1.326531839364257337e-14 -1.111005177832328840e-14 1.946692426740000401e-15 -4.293152048256964875e-15 4.338343122449143751e-15 -9.615270093505073607e-15 -1.419694976929671682e-14 1.310106622013638724e-16 -5.676694165832893928e-15
1.042870942896428786e-17 -6.903805641974358368e-15 -6.952472952642858576e-17 -2.143968846771241439e-15 1.407875772910178862e-16 -9.705652241889429783e-15 -4.859778593897358342e-15 5.381214065345572932e-15 1.477052878788975373e-14 -2.025776806576312883e-14 2.273458655514214951e-15 -1.224569478218154467e-14 -1.320969861002143129e-15 2.164478641981538079e-14 9.677842350078859137e-15 -1.051996063646772516e-14 -3.531856259942572156e-15 -1.142812741590669773e-13 1.066231252017308838e-13 7.945320852645022293e-13 9.999999999999997780e-01 1.818419300763739513e-14 3.081336012611314605e-14 4.965282370953713410e-14 -2.280411128466857613e-15 1.648344431159713676e-14 -2.697559505625429127e-15 9.297846250260972633e-15 -3.072993045068143490e-15 4.884112249231608445e-15
7.995343895539287362e-17 1.640957428647530848e-14 -1.015930110204937685e-15 -4.171483771585715145e-16 -4.143673879775143711e-15 1.809033462277671920e-14 5.739266422406679458e-15 -5.109024749249604851e-14 1.248664142294657321e-14 -1.769404366447607488e-14 3.067126896014351166e-14 -7.077617465790429636e-15 -2.001616963065879004e-14 -2.467432650892950568e-14 -6.307631086285233591e-15 1.500343663180328920e-14 -6.382370170526144567e-15 -5.776114529055687141e-14 3.937793774465007064e-14 1.326531839364257337e-14 1.818419300763739513e-14 1.000000000000000000e+00 7.434140278801955976e-13 6.140424111774172694e-14 4.032443003124048872e-13 -2.550167079029400447e-14 -3.883390673610576977e-15 2.762912751380271880e-14 8.268228458930520103e-15 -2.726759892026529094e-14
-1.772880602923928937e-16 -5.499406105540501331e-15 4.419165620523616859e-16 -1.213206530236178723e-15 -1.435685664720750197e-15 1.173055998934666328e-14 -1.025359401646959531e-14 -2.484466209626925404e-14 3.935099691195858348e-15 9.521303076254509482e-15 1.472533771369757328e-14 -2.388174459232822019e-15 -1.807642967687143230e-16 -2.218707931012152100e-14 2.537652627714643183e-15 1.872300966146721716e-14 -5.881792117935858749e-15 -1.335570054202693113e-14 1.661641035681643081e-14 -1.111005177832328840e-14 3.081336012611314605e-14 7.434140278801955976e-13 1.000000000000000000e+00 -6.435208964966230371e-14 -5.213520417727826323e-13 -5.174812524563987612e-15 2.676702086767500354e-15 1.232847266327394951e-14 -4.282723338828000883e-15 5.695813466452662036e-15
-1.390494590528571715e-16 -3.006075492898955903e-15 4.727681607797143831e-16 -1.651559949900310907e-14 2.068360703411250525e-15 6.632659196821286687e-15 -4.675538060652322293e-15 -9.942362219448943282e-15 -2.798717987086382848e-14 4.185388717491000468e-15 -5.322118045248107944e-15 1.645650347890564645e-14 7.091522411695715747e-15 -4.293152048256964875e-15 -9.119906395629269786e-15 -2.851209157878836203e-14 1.119348145375500231e-15 2.516795208856714804e-15 8.968690108909287563e-16 1.946692426740000401e-15 4.965282370953713410e-14 6.140424111774172694e-14 -6.435208964966230371e-14 1.000000000000000222e+00 -2.584679589295879262e-14 -4.152016847318315378e-14 1.019058723033626961e-14 5.367309119440286820e-15 -7.652934602621627218e-15 1.505905641542443049e-14
8.516779366987501755e-17 1.891072643118857533e-15 -1.042870942896428786e-17 -5.874839644983215496e-16 -4.964065688187000629e-15 -6.788220779136670968e-15 -3.823860123953572217e-17 -7.538218798903020150e-15 3.046323793351364993e-15 -2.808799072867714865e-15 -2.572414992477857673e-15 -3.389330564413393654e-15 -4.011576893674929201e-15 3.914242272337929575e-15 -2.196981453035143310e-15 4.882374130993447780e-15 1.112395672422857372e-15 -1.301850560382375219e-15 -5.589788253924858295e-15 -4.293152048256964875e-15 -2.280411128466857613e-15 4.032443003124048872e-13 -5.213520417727826323e-13 -2.584679589295879262e-14 9.999999999999996669e-01 2.086437133088121997e-14 -2.753179289246571996e-15 3.730001739092893843e-14 -7.202761978938002273e-15 -2.080527531078375577e-15
-3.476236476321429288e-17 2.266506182561571896e-15 -2.668011495576697225e-16 1.053647275973025148e-14 -6.955949189119179906e-15 1.224330486960407375e-14 -4.076756327605956518e-15 -1.988407264455857553e-15 2.464130226240445304e-14 -2.459871836556951437e-15 -1.526067813105107556e-15 -1.795476140020018099e-14 -3.778669049761393734e-15 2.056541499391757606e-14 1.487307776394123614e-14 1.456543083578678970e-15 2.832872010466240868e-14 -8.746210974424715694e-15 -5.678432284071054594e-15 4.338343122449143751e-15 1.648344431159713676e-14 -2.550167079029400447e-14 -5.174812524563987612e-15 -4.152016847318315378e-14 2.086437133088121997e-14 9.999999999999996669e-01 1.302994242183084964e-12 4.772177434694057811e-14 1.160715359443725289e-14 -1.430818933653900413e-14
9.907273957516073470e-17 1.034180351705625262e-15 2.867895092965179162e-17 2.895704984775750498e-15 -5.245640842769037091e-15 -1.141509152912049305e-15 3.417140456223965089e-15 -5.332546754677072725e-15 3.337187017268572116e-15 -5.249117079245358422e-15 5.731662155114726547e-15 -1.788871290715007571e-14 -5.579359544495894303e-15 2.136494938347150421e-14 5.367309119440286820e-15 4.362676777783393756e-16 3.935099691195858348e-15 -1.423518837053625303e-14 -1.418304482339143149e-15 -9.615270093505073607e-15 -2.697559505625429127e-15 -3.883390673610576977e-15 2.676702086767500354e-15 1.019058723033626961e-14 -2.753179289246571996e-15 1.302994242183084964e-12 1.000000000000000000e+00 -7.180166441841912046e-15 8.176108192308001685e-15 -3.860186795131131463e-14
-2.085741885792857573e-17 3.528380023466250826e-15 7.369621329801430090e-16 -6.378893934049823236e-16 4.576030791517621836e-15 -7.626862829049215660e-15 -4.548655429266590568e-15 -1.276126410457596623e-14 -6.003460394607108479e-15 -1.378849198332894942e-14 -1.129776854804464420e-15 1.688799133152904424e-14 1.476531443317527174e-14 -1.114481414308650171e-14 -5.808791151933108439e-15 -6.987235317406072868e-16 -1.415262775422361827e-14 -7.001140263311358783e-15 -3.140779656356411411e-15 -1.419694976929671682e-14 9.297846250260972633e-15 2.762912751380271880e-14 1.232847266327394951e-14 5.367309119440286820e-15 3.730001739092893843e-14 4.772177434694057811e-14 -7.180166441841912046e-15 1.000000000000000000e+00 -9.400038912073631792e-13 3.823860123953572295e-14
-3.997671947769643681e-17 1.303588678620535983e-16 1.216682766712500251e-17 1.181920401949285958e-15 -1.623402434442107576e-15 2.349935857993286199e-15 -1.028965996991143069e-15 -7.586886109571518780e-15 8.050963679160430625e-15 5.864410935554251307e-15 -1.581687596726250425e-15 2.480294725855339649e-15 3.912938683659308780e-16 7.878020914463439690e-15 -5.249117079245358225e-16 2.589796174859464721e-15 -1.140205564233428806e-15 6.704791103704956665e-15 1.293159969191571695e-15 1.310106622013638724e-16 -3.072993045068143490e-15 8.268228458930520103e-15 -4.282723338828000883e-15 -7.652934602621627218e-15 -7.202761978938002273e-15 1.160715359443725289e-14 8.176108192308001685e-15 -9.400038912073631792e-13 9.999999999999997780e-01 3.163635911188224633e-14
-3.476236476321429288e-18 -1.717260819302786068e-15 7.543433153617501555e-16 -4.411344088451894062e-15 -5.196973532100536884e-15 -6.330226623381323029e-15 4.272294629399036891e-15 -1.447157245092610983e-14 1.122998193675637746e-14 7.126284776458929843e-15 4.249699092302947452e-15 -1.129776854804464420e-15 3.519689432275447105e-15 1.121086263613660896e-15 2.966967832540339749e-15 1.115871908899178703e-15 -9.420600850831074356e-16 5.527215997351072765e-15 2.547103645634642195e-15 -5.676694165832893928e-15 4.884112249231608445e-15 -2.726759892026529094e-14 5.695813466452662036e-15 1.505905641542443049e-14 -2.080527531078375577e-15 -1.430818933653900413e-14 -3.860186795131131463e-14 3.823860123953572295e-14 3.163635911188224633e-14 1.000000000000000000e+00
