1.000000000000000000e+00 -1.309289706441703095e-13 -2.094362952254134631e-13 1.040089953715371643e-14 -1.177748918177700282e-14 4.940427280148015264e-14 7.647720247907144433e-16 -3.444950348034536523e-15 -7.578195518380715847e-16 3.111231646307679311e-15 1.251445131475714544e-16 -3.557928033514982925e-15 -6.952472952642858576e-18 3.587476043563715025e-15 -6.778661128826787111e-16 3.622238408326929121e-15 -6.222463292615358425e-16 -2.704511978578071789e-15 -5.214354714482143932e-16 1.390494590528571715e-17 -2.711464451530714844e-16 -1.095014490041250324e-15 4.171483771585715145e-17 5.979126739272858375e-16 -6.604849305010715647e-17 8.551541731750716048e-16 -1.129776854804464519e-17 -1.126300618328143089e-15 -4.519107419217858074e-17 1.061990243516196697e-15
-1.309289706441703095e-13 1.000000000000000000e+00 -9.731960399542230547e-12 1.372140061933594521e-13 6.225939529091679953e-14 -9.068805719427344963e-14 -7.918866693060215326e-15 2.614129830193714824e-15 2.294316074372143330e-16 -8.866141132857804758e-15 -2.780989181057143430e-16 4.261865919970072110e-15 -7.074141229314109094e-16 -7.800674652865286927e-15 -8.447254637461073169e-16 -2.739274343341286279e-15 -1.256659486190196737e-15 3.022587616161482618e-15 2.654106549671411311e-15 -3.460593412177982905e-15 8.134393354592144533e-16 -2.329078439135357623e-16 2.016217156266428987e-16 1.242754540284911020e-15 -3.597904752992679313e-16 1.101097903874812653e-15 -3.823860123953572217e-17 -1.790261785305536083e-16 3.823860123953572217e-17 -2.026645865695393373e-15
-2.094362952254134631e-13 -9.731960399542230547e-12 9.999999999999996669e-01 1.982052704177142100e-12 -5.990250695997087422e-14 -2.249889772204755509e-13 -5.742742658883001105e-14 1.293159969191571695e-15 9.107739567962145128e-15 -1.585859080497836179e-14 -3.759549749141625627e-15 2.006831317780361000e-14 3.594428516516357686e-15 9.080798735270653238e-15 -3.650048300137500555e-15 2.149270107397631626e-14 -6.166843508994215754e-15 -5.833124807267358542e-15 1.629485848275669905e-15 2.986087133160107857e-15 -2.016217156266428987e-16 7.595576700762323684e-15 -5.579359544495893514e-16 -4.981446870568608071e-15 -1.738118238160714644e-18 1.594723483512455612e-15 2.711464451530714844e-16 -5.053578777452278049e-15 -1.738118238160714644e-17 -4.362676777783393756e-16
1.040089953715371643e-14 1.372140061933594521e-13 1.982052704177142100e-12 1.000000000000000000e+00 -6.700793431757187608e-14 1.011626529447251761e-12 6.426865997423057915e-14 -2.703121483987543414e-14 -2.864766480136490024e-14 8.418054251059972927e-14 7.279239181417073126e-15 -1.034806074271363126e-13 3.302424652505357823e-16 -1.164539219567678752e-14 1.301850560382375219e-15 -3.949004637101143986e-14 6.427561244718322655e-15 7.870199382391716696e-15 -9.733462133700002006e-17 -9.912488312230555269e-15 -1.206254057283536061e-15 -2.815751545820357684e-14 1.397447063481214574e-15 1.364422816956160946e-14 -6.283297430950983684e-16 3.504046368132000722e-15 -1.270564432095482454e-15 5.047495363618715720e-15 1.042870942896428786e-16 3.264186051265822200e-15
-1.177748918177700282e-14 6.225939529091679953e-14 -5.990250695997087422e-14 -6.700793431757187608e-14 1.000000000000000000e+00 3.732588059031276711e-12 3.320501082182229098e-14 -1.540668006305657303e-14 1.084585780612285938e-15 4.005319668017550806e-14 1.084585780612285938e-15 -3.765459351151372047e-14 8.925237152955268957e-15 3.378554231336797214e-14 8.342967543171430291e-17 9.872511592752859966e-15 1.168015456044000241e-15 -7.866723145915393788e-15 -4.324438176543858428e-15 9.922047962540438928e-15 -2.623254950944058712e-15 -1.866738987784607429e-15 -4.414820324928215196e-16 -5.205664123291340211e-15 7.126284776458930040e-16 -3.736954212045536189e-15 1.181920401949285958e-16 7.154529197829041838e-16 -4.984054047925848872e-16 6.288511785665465483e-15
4.940427280148015264e-14 -9.068805719427344963e-14 -2.249889772204755509e-13 1.011626529447251761e-12 3.732588059031276711e-12 9.999999999999997780e-01 2.396030753669308542e-13 -2.836330865760180403e-13 -9.830796755037002105e-14 8.262318856920773526e-14 3.002686162334542605e-14 3.293386437666922088e-14 -3.052830873505479063e-14 6.957687307357340572e-15 -1.943216190263679070e-14 -2.053065262915436275e-14 -1.914015803862578946e-14 2.795936997905325468e-14 -1.285859872591296664e-14 3.271833771513729206e-14 -3.987243238340679097e-15 -2.337769030326161147e-15 4.414820324928215393e-15 5.902649536793786733e-15 2.250863118418125513e-15 -7.665101430288751875e-15 3.614851405814746293e-15 -2.753179289246571996e-15 2.130932959985036055e-15 -5.337761109391554721e-15
7.647720247907144433e-16 -7.918866693060215326e-15 -5.742742658883001105e-14 6.426865997423057915e-14 3.320501082182229098e-14 2.396030753669308542e-13 1.000000000000000000e+00 -3.161219926837181561e-13 7.603224421010230296e-14 1.041267528821725588e-13 6.090366306515144270e-14 5.005780525902858174e-16 -1.594897295336271639e-14 -6.435904212261494637e-14 -5.228259660387429649e-15 -8.683638717850930164e-15 1.113090919718121638e-14 5.867887172030572638e-15 -7.028950155121930217e-15 1.781918817762364594e-14 -4.491297527407287034e-15 2.206888726992659260e-14 -2.376876690684777300e-15 -1.429949874534820081e-14 6.048651468799286961e-16 -3.698715610806000762e-15 -2.954801004873214895e-16 -2.614998889312795157e-15 -1.960597372645286118e-15 1.508686630723500311e-15
-3.444950348034536523e-15 2.614129830193714824e-15 1.293159969191571695e-15 -2.703121483987543414e-14 -1.540668006305657303e-14 -2.836330865760180403e-13 -3.161219926837181561e-13 9.999999999999997780e-01 -3.644008339259892274e-13 -3.619735518063977699e-13 6.944129985099687066e-14 2.214640734334856206e-13 -1.503472276009018118e-14 -9.001366731786708623e-14 3.347615726697536503e-15 1.511467619904557494e-14 1.260135722666518068e-15 3.196051816329922304e-14 -2.485509080569822039e-15 -1.790261785305536103e-14 -3.010420788494357566e-15 1.508686630723500429e-14 -3.921194745290572237e-15 2.804654747193600291e-14 4.236663205516741673e-15 -4.421772797880858054e-15 -7.562552454237269465e-15 5.840077280220001204e-15 7.056760046932501454e-16 7.546909390093823477e-15
-7.578195518380715847e-16 2.294316074372143330e-16 9.107739567962145128e-15 -2.864766480136490024e-14 1.084585780612285938e-15 -9.830796755037002105e-14 7.603224421010230296e-14 -3.644008339259892274e-13 9.999999999999996669e-01 -1.308726556132538989e-12 4.544136321847372207e-14 -2.894036391267116512e-13 -1.946692426740000401e-16 1.873691460737250248e-14 -4.936255796376429589e-16 4.767397609539115981e-14 1.682324642715755630e-14 -6.540538930198769057e-15 -8.203918084118573119e-16 1.507643759780604030e-14 2.329078439135357820e-15 -1.948604356801977133e-14 -3.437997875081893467e-15 -1.676425903944997714e-14 1.408093037689949043e-15 7.035902628074572879e-15 4.967541924663322748e-15 -8.488100416057850580e-15 1.772880602923928937e-16 9.740414606652644667e-15
3.111231646307679311e-15 -8.866141132857804758e-15 -1.585859080497836179e-14 8.418054251059972927e-14 4.005319668017550806e-14 8.262318856920773526e-14 1.041267528821725588e-13 -3.619735518063977699e-13 -1.308726556132538989e-12 9.999999999999996669e-01 6.101490263239372528e-14 -4.959059907661097849e-13 1.516577687524749850e-13 1.246230776761232390e-13 3.922932863528732744e-14 -1.654688562729000420e-14 1.068595092821207343e-14 2.191419474673029023e-14 2.860247372717272294e-14 4.854216615535243739e-14 2.298748275879453263e-14 -3.135565301641929257e-14 -3.022370351381712535e-15 -2.139971174823471751e-14 2.318649729706393434e-15 -1.231315549630015707e-14 1.109614683241800308e-14 2.954801004873214697e-15 -8.749687210901037024e-15 2.996515842589072243e-15
1.251445131475714544e-16 -2.780989181057143430e-16 -3.759549749141625627e-15 7.279239181417073126e-15 1.084585780612285938e-15 3.002686162334542605e-14 6.090366306515144270e-14 6.944129985099687066e-14 4.544136321847372207e-14 6.101490263239372528e-14 1.000000000000000000e+00 -4.653707295581024084e-13 -3.490141422226714958e-13 2.073227434478100309e-14 -4.284113833418529730e-14 -2.892228748299429167e-15 -5.951316847462286941e-15 4.333650203206109955e-14 -1.673460239701135921e-14 -4.864992948611840338e-15 -1.309845904277914635e-14 4.673365412854621067e-16 3.510998841084643383e-15 -7.573850222785313790e-15 1.505210394247178783e-15 -8.042273087969627298e-15 5.492996794537283483e-16 -6.952472952642858576e-16 3.893384853480000802e-16 1.411352009386500291e-15
-3.557928033514982925e-15 4.261865919970072110e-15 2.006831317780361000e-14 -1.034806074271363126e-13 -3.765459351151372047e-14 3.293386437666922088e-14 5.005780525902858174e-16 2.214640734334856206e-13 -2.894036391267116512e-13 -4.959059907661097849e-13 -4.653707295581024084e-13 1.000000000000000000e+00 -5.024517440510231030e-13 -1.998418825507663379e-13 8.915329878997753164e-14 -2.048615680225744657e-13 -7.276632004059832443e-14 1.033276530221781614e-13 -1.656426680967161085e-14 6.006936631083429809e-15 -1.095883549160330657e-15 2.482728091388764738e-14 -8.308205178408215998e-16 -3.879479907574715480e-15 -1.018015852090730562e-14 -1.890377395823593266e-14 -2.431801227010655982e-14 -1.339654632062370873e-15 1.486091093627411070e-15 -2.697559505625429127e-15
-6.952472952642858576e-18 -7.074141229314109094e-16 3.594428516516357686e-15 3.302424652505357823e-16 8.925237152955268957e-15 -3.052830873505479063e-14 -1.594897295336271639e-14 -1.503472276009018118e-14 -1.946692426740000401e-16 1.516577687524749850e-13 -3.490141422226714958e-13 -5.024517440510231030e-13 1.000000000000000000e+00 -3.083595566320923723e-13 -1.083473384939863144e-13 -1.470448029483964687e-15 -1.418304482339143149e-15 -1.259440475371253762e-14 -2.105208810060257498e-14 1.713828035782418636e-14 -7.849341963533787135e-15 2.668011495576697028e-15 7.578195518380715847e-16 1.065118856344886013e-14 2.676702086767500354e-15 1.348779752812714564e-15 2.155266615319286158e-16 7.894533037725966011e-15 6.708267340181277996e-15 -2.572414992477857673e-15
3.587476043563715025e-15 -7.800674652865286927e-15 9.080798735270653238e-15 -1.164539219567678752e-14 3.378554231336797214e-14 6.957687307357340572e-15 -6.435904212261494637e-14 -9.001366731786708623e-14 1.873691460737250248e-14 1.246230776761232390e-13 2.073227434478100309e-14 -1.998418825507663379e-13 -3.083595566320923723e-13 1.000000000000000000e+00 2.243771596006429715e-13 -3.932318702014800968e-14 -7.498242079425323270e-15 -1.551652913570833086e-13 -1.742186521161909609e-14 2.725369397436000562e-15 2.642982592947182816e-14 -1.738118238160714644e-15 5.864410935554251307e-15 -1.062337867163828790e-14 -1.807642967687143230e-15 1.553182457620414724e-14 1.477400502436607447e-17 -1.460714567350264488e-14 1.767666248209446744e-15 4.164965828192612650e-15
-6.778661128826787111e-16 -8.447254637461073169e-16 -3.650048300137500555e-15 1.301850560382375219e-15 8.342967543171430291e-17 -1.943216190263679070e-14 -5.228259660387429649e-15 3.347615726697536503e-15 -4.936255796376429589e-16 3.922932863528732744e-14 -4.284113833418529730e-14 8.915329878997753164e-14 -1.083473384939863144e-13 2.243771596006429715e-13 1.000000000000000000e+00 -4.294247062747006536e-13 2.101287615314967176e-12 -1.697055194784167900e-14 -1.457238330873943157e-14 -3.987938485635943521e-14 1.220854250484086045e-14 -3.041185481309802605e-14 -1.345303516336393154e-14 -3.196399439977554279e-15 2.318649729706393434e-15 -1.871605718851457450e-14 4.268818392922715560e-15 -8.151774536973752370e-15 -3.337187017268572116e-16 -7.068057815480545976e-15
3.622238408326929121e-15 -2.739274343341286279e-15 2.149270107397631626e-14 -3.949004637101143986e-14 9.872511592752859966e-15 -2.053065262915436275e-14 -8.683638717850930164e-15 1.511467619904557494e-14 4.767397609539115981e-14 -1.654688562729000420e-14 -2.892228748299429167e-15 -2.048615680225744657e-13 -1.470448029483964687e-15 -3.932318702014800968e-14 -4.294247062747006536e-13 1.000000000000000000e+00 5.007867136847769813e-12 -1.277030231941440389e-13 -1.829543257487968086e-14 -3.189794590672543278e-14 -1.715522701064625285e-14 -2.799065610734014981e-14 1.242754540284910901e-14 2.340202395859586078e-14 1.336895369359290620e-14 1.437076159311278808e-14 -6.180748454899501077e-15 -4.870207303326322334e-15 -1.418304482339143149e-15 8.568922914132323096e-15
-6.222463292615358425e-16 -1.256659486190196737e-15 -6.166843508994215754e-15 6.427561244718322655e-15 1.168015456044000241e-15 -1.914015803862578946e-14 1.113090919718121638e-14 1.260135722666518068e-15 1.682324642715755630e-14 1.068595092821207343e-14 -5.951316847462286941e-15 -7.276632004059832443e-14 -1.418304482339143149e-15 -7.498242079425323270e-15 2.101287615314967176e-12 5.007867136847769813e-12 1.000000000000000000e+00 8.051658926455694576e-14 -7.252263586360818906e-13 6.865567040734822469e-14 -6.785613601779429970e-15 5.192802048328950814e-14 9.038214838435716148e-16 -1.057297324273162703e-14 2.476818489379018121e-16 2.019867204566566621e-14 -2.899181221252071829e-15 2.503759322070509420e-14 -1.376589644623285998e-15 6.498824092482912300e-15
-2.704511978578071789e-15 3.022587616161482618e-15 -5.833124807267358542e-15 7.870199382391716696e-15 -7.866723145915393788e-15 2.795936997905325468e-14 5.867887172030572638e-15 3.196051816329922304e-14 -6.540538930198769057e-15 2.191419474673029023e-14 4.333650203206109955e-14 1.033276530221781614e-13 -1.259440475371253762e-14 -1.551652913570833086e-13 -1.697055194784167900e-14 -1.277030231941440389e-13 8.051658926455694576e-14 1.000000000000000000e+00 1.267470581631556225e-13 -1.644677001677194672e-13 5.673217929356572598e-15 6.844014374581630218e-14 1.904977589024143250e-15 1.307064915096857412e-15 -9.350207062185564254e-15 -1.488524459160836080e-14 1.889334524880696867e-14 1.781918817762364594e-14 7.498242079425323270e-15 -6.330226623381323029e-15
-5.214354714482143932e-16 2.654106549671411311e-15 1.629485848275669905e-15 -9.733462133700002006e-17 -4.324438176543858428e-15 -1.285859872591296664e-14 -7.028950155121930217e-15 -2.485509080569822039e-15 -8.203918084118573119e-16 2.860247372717272294e-14 -1.673460239701135921e-14 -1.656426680967161085e-14 -2.105208810060257498e-14 -1.742186521161909609e-14 -1.457238330873943157e-14 -1.829543257487968086e-14 -7.252263586360818906e-13 1.267470581631556225e-13 9.999999999999997780e-01 -5.629782354584935930e-13 1.345998763631657408e-12 3.436433568667548632e-14 4.783301391418286700e-15 4.353986186592590528e-15 -2.057931993982286138e-15 6.988104376525153004e-15 -5.895697063841144072e-15 -2.245648763703643517e-15 2.871371329441500395e-15 -1.651798941158057998e-14
1.390494590528571715e-17 -3.460593412177982905e-15 2.986087133160107857e-15 -9.912488312230555269e-15 9.922047962540438928e-15 3.271833771513729206e-14 1.781918817762364594e-14 -1.790261785305536103e-14 1.507643759780604030e-14 4.854216615535243739e-14 -4.864992948611840338e-15 6.006936631083429809e-15 1.713828035782418636e-14 2.725369397436000562e-15 -3.987938485635943521e-14 -3.189794590672543278e-14 6.865567040734822469e-14 -1.644677001677194672e-13 -5.629782354584935930e-13 1.000000000000000000e+00 3.258007040929160912e-12 1.189707171656246038e-13 1.246230776761232390e-14 -6.638221175183401131e-14 2.702773860339911123e-15 -6.896853169021715707e-15 -2.213493576297670104e-14 5.561978362114286860e-16 -1.837842772075185579e-14 1.704746367988028844e-14
-2.711464451530714844e-16 8.134393354592144533e-16 -2.016217156266428987e-16 -1.206254057283536061e-15 -2.623254950944058712e-15 -3.987243238340679097e-15 -4.491297527407287034e-15 -3.010420788494357566e-15 2.329078439135357820e-15 2.298748275879453263e-14 -1.309845904277914635e-14 -1.095883549160330657e-15 -7.849341963533787135e-15 2.642982592947182816e-14 1.220854250484086045e-14 -1.715522701064625285e-14 -6.785613601779429970e-15 5.673217929356572598e-15 1.345998763631657408e-12 3.258007040929160912e-12 9.999999999999997780e-01 1.807434393498563918e-13 6.201049675921218216e-13 -2.779424874642798831e-14 1.223635239665143109e-15 2.524095305456989835e-14 -4.672061824176000963e-15 -1.397664328260984657e-15 -6.111223725373072885e-15 -7.913652338345733330e-15
-1.095014490041250324e-15 -2.329078439135357623e-16 7.595576700762323684e-15 -2.815751545820357684e-14 -1.866738987784607429e-15 -2.337769030326161147e-15 2.206888726992659260e-14 1.508686630723500429e-14 -1.948604356801977133e-14 -3.135565301641929257e-14 4.673365412854621067e-16 2.482728091388764738e-14 2.668011495576697028e-15 -1.738118238160714644e-15 -3.041185481309802605e-14 -2.799065610734014981e-14 5.192802048328950814e-14 6.844014374581630218e-14 3.436433568667548632e-14 1.189707171656246038e-13 1.807434393498563918e-13 1.000000000000000000e+00 2.237456143388072975e-12 -3.562447140934200655e-14 -3.545761205847857874e-15 -2.977744165616936427e-14 8.500756089479457135e-15 2.285973106828972057e-14 1.538234640772232411e-15 6.048651468799287355e-15
4.171483771585715145e-17 2.016217156266428987e-16 -5.579359544495893514e-16 1.397447063481214574e-15 -4.414820324928215196e-16 4.414820324928215393e-15 -2.376876690684777300e-15 -3.921194745290572237e-15 -3.437997875081893467e-15 -3.022370351381712535e-15 3.510998841084643383e-15 -8.308205178408215998e-16 7.578195518380715847e-16 5.864410935554251307e-15 -1.345303516336393154e-14 1.242754540284910901e-14 9.038214838435716148e-16 1.904977589024143250e-15 4.783301391418286700e-15 1.246230776761232390e-14 6.201049675921218216e-13 2.237456143388072975e-12 1.000000000000000222e+00 3.074478267102651687e-12 -8.080164065561530244e-13 4.381405001799575497e-14 -5.283879444008572517e-16 -6.035615582013081576e-15 -8.440302164508430705e-15 -7.357454502134304644e-15
5.979126739272858375e-16 1.242754540284911020e-15 -4.981446870568608071e-15 1.364422816956160946e-14 -5.205664123291340211e-15 5.902649536793786733e-15 -1.429949874534820081e-14 2.804654747193600291e-14 -1.676425903944997714e-14 -2.139971174823471751e-14 -7.573850222785313790e-15 -3.879479907574715480e-15 1.065118856344886013e-14 -1.062337867163828790e-14 -3.196399439977554279e-15 2.340202395859586078e-14 -1.057297324273162703e-14 1.307064915096857412e-15 4.353986186592590528e-15 -6.638221175183401131e-14 -2.779424874642798831e-14 -3.562447140934200655e-14 3.074478267102651687e-12 1.000000000000000000e+00 1.904593682158289519e-12 2.822704018773000661e-14 -5.975650502796537044e-15 -3.339968006449629181e-14 -8.362955902910277942e-15 7.592100464286000776e-15
-6.604849305010715647e-17 -3.597904752992679313e-16 -1.738118238160714644e-18 -6.283297430950983684e-16 7.126284776458930040e-16 2.250863118418125513e-15 6.048651468799286961e-16 4.236663205516741673e-15 1.408093037689949043e-15 2.318649729706393434e-15 1.505210394247178783e-15 -1.018015852090730562e-14 2.676702086767500354e-15 -1.807642967687143230e-15 2.318649729706393434e-15 1.336895369359290620e-14 2.476818489379018121e-16 -9.350207062185564254e-15 -2.057931993982286138e-15 2.702773860339911123e-15 1.223635239665143109e-15 -3.545761205847857874e-15 -8.080164065561530244e-13 1.904593682158289519e-12 1.000000000000000000e+00 -1.454197145392633366e-11 9.622222566457716269e-15 -3.441474111558215192e-15 9.594412674647144045e-15 -1.177575106353884097e-15
8.551541731750716048e-16 1.101097903874812653e-15 1.594723483512455612e-15 3.504046368132000722e-15 -3.736954212045536189e-15 -7.665101430288751875e-15 -3.698715610806000762e-15 -4.421772797880858054e-15 7.035902628074572879e-15 -1.231315549630015707e-14 -8.042273087969627298e-15 -1.890377395823593266e-14 1.348779752812714564e-15 1.553182457620414724e-14 -1.871605718851457450e-14 1.437076159311278808e-14 2.019867204566566621e-14 -1.488524459160836080e-14 6.988104376525153004e-15 -6.896853169021715707e-15 2.524095305456989835e-14 -2.977744165616936427e-14 4.381405001799575497e-14 2.822704018773000661e-14 -1.454197145392633366e-11 1.000000000000000000e+00 -7.538566422550651021e-14 -5.930459428604358010e-14 -1.337655796088485911e-14 -8.342967543171430291e-15
-1.129776854804464519e-17 -3.823860123953572217e-17 2.711464451530714844e-16 -1.270564432095482454e-15 1.181920401949285958e-16 3.614851405814746293e-15 -2.954801004873214895e-16 -7.562552454237269465e-15 4.967541924663322748e-15 1.109614683241800308e-14 5.492996794537283483e-16 -2.431801227010655982e-14 2.155266615319286158e-16 1.477400502436607447e-17 4.268818392922715560e-15 -6.180748454899501077e-15 -2.899181221252071829e-15 1.889334524880696867e-14 -5.895697063841144072e-15 -2.213493576297670104e-14 -4.672061824176000963e-15 8.500756089479457135e-15 -5.283879444008572517e-16 -5.975650502796537044e-15 9.622222566457716269e-15 -7.538566422550651021e-14 1.000000000000000000e+00 -1.982358612987058327e-13 -2.950629521101629416e-14 2.275631303311915783e-14
-1.126300618328143089e-15 -1.790261785305536083e-16 -5.053578777452278049e-15 5.047495363618715720e-15 7.154529197829041838e-16 -2.753179289246571996e-15 -2.614998889312795157e-15 5.840077280220001204e-15 -8.488100416057850580e-15 2.954801004873214697e-15 -6.952472952642858576e-16 -1.339654632062370873e-15 7.894533037725966011e-15 -1.460714567350264488e-14 -8.151774536973752370e-15 -4.870207303326322334e-15 2.503759322070509420e-14 1.781918817762364594e-14 -2.245648763703643517e-15 5.561978362114286860e-16 -1.397664328260984657e-15 2.285973106828972057e-14 -6.035615582013081576e-15 -3.339968006449629181e-14 -3.441474111558215192e-15 -5.930459428604358010e-14 -1.982358612987058327e-13 1.000000000000000000e+00 1.755499420542321790e-16 -2.981220402093257757e-14
-4.519107419217858074e-17 3.823860123953572217e-17 -1.738118238160714644e-17 1.042870942896428786e-16 -4.984054047925848872e-16 2.130932959985036055e-15 -1.960597372645286118e-15 7.056760046932501454e-16 1.772880602923928937e-16 -8.749687210901037024e-15 3.893384853480000802e-16 1.486091093627411070e-15 6.708267340181277996e-15 1.767666248209446744e-15 -3.337187017268572116e-16 -1.418304482339143149e-15 -1.376589644623285998e-15 7.498242079425323270e-15 2.871371329441500395e-15 -1.837842772075185579e-14 -6.111223725373072885e-15 1.538234640772232411e-15 -8.440302164508430705e-15 -8.362955902910277942e-15 9.594412674647144045e-15 -1.337655796088485911e-14 -2.950629521101629416e-14 1.755499420542321790e-16 9.999999999999996669e-01 8.462897701604519355e-14
1.061990243516196697e-15 -2.026645865695393373e-15 -4.362676777783393756e-16 3.264186051265822200e-15 6.288511785665465483e-15 -5.337761109391554721e-15 1.508686630723500311e-15 7.546909390093823477e-15 9.740414606652644667e-15 2.996515842589072243e-15 1.411352009386500291e-15 -2.697559505625429127e-15 -2.572414992477857673e-15 4.164965828192612650e-15 -7.068057815480545976e-15 8.568922914132323096e-15 6.498824092482912300e-15 -6.330226623381323029e-15 -1.651798941158057998e-14 1.704746367988028844e-14 -7.913652338345733330e-15 6.048651468799287355e-15 -7.357454502134304644e-15 7.592100464286000776e-15 -1.177575106353884097e-15 -8.342967543171430291e-15 2.275631303311915783e-14 -2.981220402093257757e-14 8.462897701604519355e-14 1.000000000000000000e+00
