1.000000000000000000e+00 1.878697241263153217e-13 1.137146476134266004e-13 1.741594474637036211e-14 3.337187017268572116e-16 -2.238696290751000461e-15 3.928147218243214898e-15 -1.529544049581428887e-16 2.694083269149107698e-16 1.981454791503214497e-15 -7.647720247907144433e-16 7.647720247907145222e-15 3.476236476321429288e-16 -3.858622488716786707e-15 -1.390494590528571715e-17 2.530700154762000522e-15 4.866731066850001003e-17 1.633831143871071765e-15 -1.772880602923928937e-16 -7.717244977433573019e-16 -4.310533230638572317e-16 2.654106549671411311e-15 3.476236476321429288e-18 9.038214838435716148e-16 1.442638137673393154e-16 -2.954801004873214895e-16 3.172065784643303979e-16 -2.502890262951429087e-16 2.311697256753750476e-16 3.823860123953572217e-17
1.878697241263153217e-13 1.000000000000000000e+00 1.112395672422857372e-16 4.552479289390544032e-14 -2.223400850255186212e-14 6.346217311172401781e-14 1.201734949864318095e-14 -6.271130603283858830e-15 1.317493624525821799e-15 1.592811553450478841e-14 -3.145994011070893407e-15 2.840432824802239763e-14 1.112395672422857372e-16 -9.177264297488573320e-15 1.286207496238928836e-16 5.353404173535000709e-15 -1.129776854804464519e-16 3.535332496418893487e-15 -8.777497102711608459e-16 -5.954793083938608271e-15 -1.825024150068750277e-15 9.359766712495447914e-15 6.604849305010715647e-17 5.690599111738180040e-15 3.128612828689286359e-16 5.561978362114286860e-17 9.125120750343751387e-16 3.650048300137500752e-17 9.307623165350627165e-16 -3.823860123953572217e-16
1.137146476134266004e-13 1.112395672422857372e-16 1.000000000000000000e+00 1.985904374192906084e-13 3.595819011106886692e-14 -2.070376920567516944e-13 7.147142195316857827e-15 -1.198953960683261030e-14 -3.893384853480000802e-16 -1.145419918947910960e-14 2.092694358745500234e-15 -2.113551777603429007e-15 4.129768933869857599e-15 -1.537365581653152038e-14 3.198137558215714945e-16 -1.932787480834714684e-15 2.141361669414000441e-15 -6.877733868401947599e-15 6.639611669773929940e-16 1.530934544171957577e-14 1.105443199470214514e-15 2.487247198807982705e-15 -8.638447643658751287e-16 -9.646556221791965583e-15 2.815751545820357723e-16 -2.137885432937679012e-16 9.385838486067859077e-17 1.390494590528571715e-15 -9.090358385580538081e-16 3.971600174197232715e-16
1.741594474637036211e-14 4.552479289390544032e-14 1.985904374192906084e-13 1.000000000000000000e+00 4.452363678872486553e-14 1.280923616794920280e-13 2.262334698789986062e-14 -3.476236476321429130e-14 1.088235828912423493e-14 4.296628284733286521e-14 -1.665117272157964727e-15 1.160889171267541197e-13 -6.427561244718322655e-15 -2.665578130043272096e-14 -1.112395672422857372e-15 -8.035668238664616454e-14 -1.529544049581428887e-15 -2.143447411299793397e-14 1.508686630723500311e-15 2.232612876917438133e-15 -7.317477782656608158e-16 4.049815494914465101e-14 -3.337187017268572116e-16 1.361641827775103882e-14 -1.957121136168964788e-15 5.888744590888501411e-15 5.422928903061429689e-16 1.767753154121354856e-14 2.042288929838839707e-17 -8.203918084118573119e-16
3.337187017268572116e-16 -2.223400850255186212e-14 3.595819011106886692e-14 4.452363678872486553e-14 9.999999999999997780e-01 -1.907939342501968907e-12 -5.650970015908115450e-14 3.791878748371414791e-14 -3.698715610806000762e-15 -7.665449053936383377e-14 3.851670015764143256e-15 -1.073288012064241219e-15 9.435374855855440011e-15 -8.827902531618270120e-15 -5.103115147239858589e-15 1.487133964570307548e-14 -1.101966962993892986e-15 3.301034157914829015e-14 1.922358771405750298e-15 1.263264335495207383e-14 6.218117997019956762e-16 -1.095014490041250324e-15 2.415984351043393454e-15 -1.072245141121344898e-14 1.984931027979536222e-15 -1.180877531006389480e-14 8.794878285093216098e-16 -7.391130542998669113e-15 -6.656992852155537579e-16 2.207410162464107696e-15
-2.238696290751000461e-15 6.346217311172401781e-14 -2.070376920567516944e-13 1.280923616794920280e-13 -1.907939342501968907e-12 9.999999999999997780e-01 5.806983508965421063e-13 1.294578273673910871e-12 3.120269861146114771e-14 -4.381587504214582241e-13 -1.984844122067627952e-14 7.311220556999229684e-14 -5.471074778258481539e-14 -9.985836901880937240e-14 1.024446889571925182e-14 -2.294316074372143251e-14 -1.158281993910300199e-14 2.007874188723257399e-14 1.028357655607786836e-14 -4.831968702086786592e-14 6.104271252420430224e-15 1.091320988785158674e-14 -4.749408085774152937e-15 2.514361843323289794e-14 -1.838929095974035995e-15 -3.924670981766893567e-15 4.061113263462509741e-15 -1.498257921294536122e-15 -3.646572063661179224e-15 1.067726033702127011e-14
3.928147218243214898e-15 1.201734949864318095e-14 7.147142195316857827e-15 2.262334698789986062e-14 -5.650970015908115450e-14 5.806983508965421063e-13 1.000000000000000000e+00 8.704496136708859410e-14 -1.069290340116471609e-14 4.553652519201302481e-14 6.952472952642858576e-17 2.464651661711893503e-14 -1.063728361754357323e-14 -4.150278729080154713e-14 -1.321665108297407474e-14 -4.234751275454764941e-14 -1.418304482339143149e-15 -2.758046020313422017e-14 -9.733462133700002006e-17 -1.095362113688882378e-14 -2.002312210361143270e-15 -6.895115050783555042e-15 -1.752349081235655486e-15 -1.143681800709750137e-15 1.053299652325393173e-15 4.693245140203584861e-15 -4.680752415366804290e-15 -4.188864953967322588e-15 5.596740726877501153e-16 1.082326226902677073e-14
-1.529544049581428887e-16 -6.271130603283858830e-15 -1.198953960683261030e-14 -3.476236476321429130e-14 3.791878748371414791e-14 1.294578273673910871e-12 8.704496136708859410e-14 9.999999999999997780e-01 -4.553604720949752747e-13 4.407033555221255391e-13 -5.872058655802158392e-14 -9.321875734903545409e-14 3.770326082218221910e-14 -5.388166538298215278e-14 4.302190263095400650e-14 -6.895462674431187175e-14 3.462939871799500040e-14 -7.880628091820680057e-14 -3.453640939225339850e-15 -2.346111997869332656e-14 -1.166972585101103841e-14 9.524887945120716249e-16 1.868564011934676285e-14 2.630794038802080519e-14 -1.538191187816278354e-14 -6.966377898548143898e-15 -6.281559312712822822e-15 8.461159583366358689e-15 4.074149150248714731e-15 -1.040089953715371643e-14
2.694083269149107698e-16 1.317493624525821799e-15 -3.893384853480000802e-16 1.088235828912423493e-14 -3.698715610806000762e-15 3.120269861146114771e-14 -1.069290340116471609e-14 -4.553604720949752747e-13 1.000000000000000000e+00 4.617484911497754809e-13 -1.626878670918428828e-14 -5.594481173167891933e-14 7.453051005233144393e-15 -1.192488160837303103e-13 -1.731165765208071904e-14 -7.114465572439437318e-14 -2.002312210361143270e-15 -1.195825347854571675e-14 -5.596740726877500956e-15 -2.599877260640797053e-14 -1.393275579709628780e-14 -1.274735915867068090e-14 -2.676702086767500354e-15 1.372678878587424304e-15 -3.641357708946697228e-15 2.227224710379139676e-14 -1.546925231963035934e-15 -1.222939992369878843e-14 7.592100464286000776e-15 5.516787287922107984e-15
1.981454791503214497e-15 1.592811553450478841e-14 -1.145419918947910960e-14 4.296628284733286521e-14 -7.665449053936383377e-14 -4.381587504214582241e-13 4.553652519201302481e-14 4.407033555221255391e-13 4.617484911497754809e-13 1.000000000000000000e+00 1.171178831237452841e-13 -5.956878825824401385e-14 -1.135304070801815572e-13 -1.372974358687911641e-13 -7.310872933351597551e-14 -7.493375348358472460e-14 2.669923425638673760e-14 1.377980139213814609e-14 -2.441360877320539641e-14 -1.555963446801471789e-14 -6.985497199167912006e-15 1.920273029519957657e-14 -1.030964832965027834e-14 -3.375773242155740149e-14 9.764748261986895560e-15 2.285321312489661492e-14 2.721893160959679231e-15 -2.572414992477857673e-16 7.147142195316857827e-15 7.793722179912644266e-15
-7.647720247907144433e-16 -3.145994011070893407e-15 2.092694358745500234e-15 -1.665117272157964727e-15 3.851670015764143256e-15 -1.984844122067627952e-14 6.952472952642858576e-17 -5.872058655802158392e-14 -1.626878670918428828e-14 1.171178831237452841e-13 1.000000000000000222e+00 -2.737188601455493401e-14 2.458394436054514792e-14 4.766615456331943682e-14 8.899165379382858977e-16 1.150842847850972299e-13 -3.837765069858857934e-15 -2.714940688007036175e-15 -1.960597372645286118e-15 3.661606786421269768e-14 1.035223222648521622e-14 1.640913975691576832e-14 2.203933925987785971e-15 7.082831820504912420e-16 -1.522591576628786028e-15 2.252601236656286178e-15 -3.109058998509978381e-16 -7.134975367649733169e-15 3.396283037366036316e-15 1.692927163968536162e-15
7.647720247907145222e-15 2.840432824802239763e-14 -2.113551777603429007e-15 1.160889171267541197e-13 -1.073288012064241219e-15 7.311220556999229684e-14 2.464651661711893503e-14 -9.321875734903545409e-14 -5.594481173167891933e-14 -5.956878825824401385e-14 -2.737188601455493401e-14 1.000000000000000000e+00 1.794085645429489567e-14 4.167590386732235066e-13 7.790593567083955068e-14 -4.346686089992314945e-14 -1.901501352547821919e-15 1.089313462220083105e-13 1.062685490811460923e-14 7.008092736264001444e-15 -1.377132806572711285e-14 -3.508217851903586634e-14 -5.391642774774536924e-15 -1.741594474637036211e-14 -3.554451797038661595e-15 2.113551777603429007e-15 -2.163957206510089880e-15 -6.495999650345901219e-15 8.170893837593519689e-15 4.112387751488250946e-15
3.476236476321429288e-16 1.112395672422857372e-16 4.129768933869857599e-15 -6.427561244718322655e-15 9.435374855855440011e-15 -5.471074778258481539e-14 -1.063728361754357323e-14 3.770326082218221910e-14 7.453051005233144393e-15 -1.135304070801815572e-13 2.458394436054514792e-14 1.794085645429489567e-14 9.999999999999996669e-01 3.959155247612002020e-13 -1.005327588952157389e-14 -1.117610027137339565e-15 -1.752023184066000361e-15 7.745228681067960441e-14 -1.425256955291785969e-14 2.951194409529031632e-14 2.530700154762000522e-15 -5.906125773270108064e-15 -1.004979965304525256e-14 2.661232834447870117e-14 1.082500038726493139e-14 -4.868469185088161668e-15 -2.099646831698143290e-15 -1.117610027137339565e-15 -9.301105221957524670e-16 9.656984931220931153e-15
-3.858622488716786707e-15 -9.177264297488573320e-15 -1.537365581653152038e-14 -2.665578130043272096e-14 -8.827902531618270120e-15 -9.985836901880937240e-14 -4.150278729080154713e-14 -5.388166538298215278e-14 -1.192488160837303103e-13 -1.372974358687911641e-13 4.766615456331943682e-14 4.167590386732235066e-13 3.959155247612002020e-13 1.000000000000000000e+00 1.148861393059469141e-13 3.098021947697657750e-13 3.046052212376652468e-14 3.009725541199093300e-14 -3.534680702079583238e-15 -2.846342426811986340e-14 8.888736669953894985e-15 -1.533020286057750217e-15 -1.934786316808599528e-14 -1.795128516372385966e-14 5.150044339670197342e-15 -2.664535259100375697e-14 1.649474208014518148e-15 7.894533037725966011e-15 4.734634080749786493e-15 3.026715646977114592e-15
-1.390494590528571715e-17 1.286207496238928836e-16 3.198137558215714945e-16 -1.112395672422857372e-15 -5.103115147239858589e-15 1.024446889571925182e-14 -1.321665108297407474e-14 4.302190263095400650e-14 -1.731165765208071904e-14 -7.310872933351597551e-14 8.899165379382858977e-16 7.790593567083955068e-14 -1.005327588952157389e-14 1.148861393059469141e-13 1.000000000000000000e+00 4.175672636539682412e-13 -1.629659660099485892e-14 2.983957938318360805e-14 -5.561978362114286860e-17 3.940661669557972162e-14 2.502890262951429087e-15 -1.485656564067870982e-14 1.073461823888057364e-14 2.558510046572571956e-15 -3.448426584510857854e-15 1.675372169763112969e-14 1.466971793007643159e-15 -3.669167600757268663e-15 2.085741885792857573e-16 -3.311115243696161347e-15
2.530700154762000522e-15 5.353404173535000709e-15 -1.932787480834714684e-15 -8.035668238664616454e-14 1.487133964570307548e-14 -2.294316074372143251e-14 -4.234751275454764941e-14 -6.895462674431187175e-14 -7.114465572439437318e-14 -7.493375348358472460e-14 1.150842847850972299e-13 -4.346686089992314945e-14 -1.117610027137339565e-15 3.098021947697657750e-13 4.175672636539682412e-13 9.999999999999996669e-01 -5.603291259987569595e-14 1.020344930529865885e-13 -3.127222334098758063e-14 -5.940192890738058998e-14 5.511572933207625988e-15 -2.850513910583572016e-15 -3.059609534634306288e-14 -2.411117619976543433e-14 1.146766960582485476e-14 2.704511978578071789e-15 -2.365231298489100606e-14 4.915398377518501210e-15 4.844135529753911565e-15 -3.775192813285072404e-15
4.866731066850001003e-17 -1.129776854804464519e-16 2.141361669414000441e-15 -1.529544049581428887e-15 -1.101966962993892986e-15 -1.158281993910300199e-14 -1.418304482339143149e-15 3.462939871799500040e-14 -2.002312210361143270e-15 2.669923425638673760e-14 -3.837765069858857934e-15 -1.901501352547821919e-15 -1.752023184066000361e-15 3.046052212376652468e-14 -1.629659660099485892e-14 -5.603291259987569595e-14 9.999999999999995559e-01 3.498084622575109451e-13 2.363840803898571758e-14 9.229234032809578160e-14 7.397431221612001524e-15 7.473908424091072969e-16 -9.385838486067859472e-15 2.392345943004407616e-14 -4.984923107044929402e-15 -1.112048048775225239e-14 1.376589644623285998e-15 7.282715417893394851e-16 -3.997671947769643878e-15 -4.786777627894608031e-15
1.633831143871071765e-15 3.535332496418893487e-15 -6.877733868401947599e-15 -2.143447411299793397e-14 3.301034157914829015e-14 2.007874188723257399e-14 -2.758046020313422017e-14 -7.880628091820680057e-14 -1.195825347854571675e-14 1.377980139213814609e-14 -2.714940688007036175e-15 1.089313462220083105e-13 7.745228681067960441e-14 3.009725541199093300e-14 2.983957938318360805e-14 1.020344930529865885e-13 3.498084622575109451e-13 9.999999999999997780e-01 -5.548073416209001538e-15 1.255338516329194529e-13 -4.555260278571601097e-14 -2.918648145519471912e-14 1.355645319853449428e-14 -4.644251932365429686e-14 -8.860926778143322762e-15 1.873626281303319223e-14 -1.148722343600416382e-14 6.896853169021715707e-15 1.805904849448982564e-15 -8.673210008421966172e-15
-1.772880602923928937e-16 -8.777497102711608459e-16 6.639611669773929940e-16 1.508686630723500311e-15 1.922358771405750298e-15 1.028357655607786836e-14 -9.733462133700002006e-17 -3.453640939225339850e-15 -5.596740726877500956e-15 -2.441360877320539641e-14 -1.960597372645286118e-15 1.062685490811460923e-14 -1.425256955291785969e-14 -3.534680702079583238e-15 -5.561978362114286860e-17 -3.127222334098758063e-14 2.363840803898571758e-14 -5.548073416209001538e-15 1.000000000000000000e+00 3.396422086825089358e-13 -3.331625038906457987e-14 1.668245884986653925e-14 2.947848531920572036e-15 2.774036708104500769e-15 -6.952472952642858576e-17 -8.322110124313502307e-15 4.101959042059286954e-15 1.002025164299651968e-14 -2.085741885792857573e-17 2.892011483519659084e-15
-7.717244977433573019e-16 -5.954793083938608271e-15 1.530934544171957577e-14 2.232612876917438133e-15 1.263264335495207383e-14 -4.831968702086786592e-14 -1.095362113688882378e-14 -2.346111997869332656e-14 -2.599877260640797053e-14 -1.555963446801471789e-14 3.661606786421269768e-14 7.008092736264001444e-15 2.951194409529031632e-14 -2.846342426811986340e-14 3.940661669557972162e-14 -5.940192890738058998e-14 9.229234032809578160e-14 1.255338516329194529e-13 3.396422086825089358e-13 1.000000000000000000e+00 -1.412699051021074846e-14 -1.631328253608120257e-13 9.336649739927911065e-14 -1.243102163932543192e-14 2.817489664058518586e-15 -3.039621174895458006e-14 5.226521542149268984e-15 -4.546917311028429903e-15 1.372787510977309464e-14 -4.220151082254215353e-15
-4.310533230638572317e-16 -1.825024150068750277e-15 1.105443199470214514e-15 -7.317477782656608158e-16 6.218117997019956762e-16 6.104271252420430224e-15 -2.002312210361143270e-15 -1.166972585101103841e-14 -1.393275579709628780e-14 -6.985497199167912006e-15 1.035223222648521622e-14 -1.377132806572711285e-14 2.530700154762000522e-15 8.888736669953894985e-15 2.502890262951429087e-15 5.511572933207625988e-15 7.397431221612001524e-15 -4.555260278571601097e-14 -3.331625038906457987e-14 -1.412699051021074846e-14 1.000000000000000000e+00 3.226121261850102446e-14 1.612973725013143190e-14 -3.112100705426759644e-14 1.279255023286285978e-15 1.629312036451853759e-14 -3.142517774594572076e-15 -1.065059108530449161e-14 2.040550811600679091e-15 -2.325602202659036095e-15
2.654106549671411311e-15 9.359766712495447914e-15 2.487247198807982705e-15 4.049815494914465101e-14 -1.095014490041250324e-15 1.091320988785158674e-14 -6.895115050783555042e-15 9.524887945120716249e-16 -1.274735915867068090e-14 1.920273029519957657e-14 1.640913975691576832e-14 -3.508217851903586634e-14 -5.906125773270108064e-15 -1.533020286057750217e-15 -1.485656564067870982e-14 -2.850513910583572016e-15 7.473908424091072969e-16 -2.918648145519471912e-14 1.668245884986653925e-14 -1.631328253608120257e-13 3.226121261850102446e-14 1.000000000000000000e+00 3.765980786622820246e-14 -3.898946831842114931e-14 1.890725019471225399e-14 -1.683888949130100229e-14 -1.241298866260451344e-14 -2.206019667873578927e-14 6.961163543833661902e-15 6.236368238520643945e-15
3.476236476321429288e-18 6.604849305010715647e-17 -8.638447643658751287e-16 -3.337187017268572116e-16 2.415984351043393454e-15 -4.749408085774152937e-15 -1.752349081235655486e-15 1.868564011934676285e-14 -2.676702086767500354e-15 -1.030964832965027834e-14 2.203933925987785971e-15 -5.391642774774536924e-15 -1.004979965304525256e-14 -1.934786316808599528e-14 1.073461823888057364e-14 -3.059609534634306288e-14 -9.385838486067859472e-15 1.355645319853449428e-14 2.947848531920572036e-15 9.336649739927911065e-14 1.612973725013143190e-14 3.765980786622820246e-14 1.000000000000000000e+00 -4.695700232214986643e-14 6.729993818158287101e-15 -5.792604925840236454e-15 6.118176198325715547e-16 -2.084003767554696907e-15 -3.309377125458000682e-15 2.149791542869079826e-14
9.038214838435716148e-16 5.690599111738180040e-15 -9.646556221791965583e-15 1.361641827775103882e-14 -1.072245141121344898e-14 2.514361843323289794e-14 -1.143681800709750137e-15 2.630794038802080519e-14 1.372678878587424304e-15 -3.375773242155740149e-14 7.082831820504912420e-16 -1.741594474637036211e-14 2.661232834447870117e-14 -1.795128516372385966e-14 2.558510046572571956e-15 -2.411117619976543433e-14 2.392345943004407616e-14 -4.644251932365429686e-14 2.774036708104500769e-15 -1.243102163932543192e-14 -3.112100705426759644e-14 -3.898946831842114931e-14 -4.695700232214986643e-14 9.999999999999996669e-01 4.559464352060152364e-14 -1.839902442187406157e-13 1.575082747421239738e-14 1.910539567386257615e-14 2.522878622690277133e-15 -8.648876353087716857e-15
1.442638137673393154e-16 3.128612828689286359e-16 2.815751545820357723e-16 -1.957121136168964788e-15 1.984931027979536222e-15 -1.838929095974035995e-15 1.053299652325393173e-15 -1.538191187816278354e-14 -3.641357708946697228e-15 9.764748261986895560e-15 -1.522591576628786028e-15 -3.554451797038661595e-15 1.082500038726493139e-14 5.150044339670197342e-15 -3.448426584510857854e-15 1.146766960582485476e-14 -4.984923107044929402e-15 -8.860926778143322762e-15 -6.952472952642858576e-17 2.817489664058518586e-15 1.279255023286285978e-15 1.890725019471225399e-14 6.729993818158287101e-15 4.559464352060152364e-14 9.999999999999996669e-01 -2.463747840228049578e-13 -1.507296136132971897e-14 -6.258963775616733383e-15 -3.754335394427143631e-15 -3.196747063625186570e-14
-2.954801004873214895e-16 5.561978362114286860e-17 -2.137885432937679012e-16 5.888744590888501411e-15 -1.180877531006389480e-14 -3.924670981766893567e-15 4.693245140203584861e-15 -6.966377898548143898e-15 2.227224710379139676e-14 2.285321312489661492e-14 2.252601236656286178e-15 2.113551777603429007e-15 -4.868469185088161668e-15 -2.664535259100375697e-14 1.675372169763112969e-14 2.704511978578071789e-15 -1.112048048775225239e-14 1.873626281303319223e-14 -8.322110124313502307e-15 -3.039621174895458006e-14 1.629312036451853759e-14 -1.683888949130100229e-14 -5.792604925840236454e-15 -1.839902442187406157e-13 -2.463747840228049578e-13 9.999999999999997780e-01 9.107739567962145128e-15 -1.271746352497431714e-13 3.379597102279693613e-14 5.005780525902858174e-15
3.172065784643303979e-16 9.125120750343751387e-16 9.385838486067859077e-17 5.422928903061429689e-16 8.794878285093216098e-16 4.061113263462509741e-15 -4.680752415366804290e-15 -6.281559312712822822e-15 -1.546925231963035934e-15 2.721893160959679231e-15 -3.109058998509978381e-16 -2.163957206510089880e-15 -2.099646831698143290e-15 1.649474208014518148e-15 1.466971793007643159e-15 -2.365231298489100606e-14 1.376589644623285998e-15 -1.148722343600416382e-14 4.101959042059286954e-15 5.226521542149268984e-15 -3.142517774594572076e-15 -1.241298866260451344e-14 6.118176198325715547e-16 1.575082747421239738e-14 -1.507296136132971897e-14 9.107739567962145128e-15 1.000000000000000000e+00 2.439448947258562909e-14 -2.947848531920572036e-15 -1.020970653095603851e-14
-2.502890262951429087e-16 3.650048300137500752e-17 1.390494590528571715e-15 1.767753154121354856e-14 -7.391130542998669113e-15 -1.498257921294536122e-15 -4.188864953967322588e-15 8.461159583366358689e-15 -1.222939992369878843e-14 -2.572414992477857673e-16 -7.134975367649733169e-15 -6.495999650345901219e-15 -1.117610027137339565e-15 7.894533037725966011e-15 -3.669167600757268663e-15 4.915398377518501210e-15 7.282715417893394851e-16 6.896853169021715707e-15 1.002025164299651968e-14 -4.546917311028429903e-15 -1.065059108530449161e-14 -2.206019667873578927e-14 -2.084003767554696907e-15 1.910539567386257615e-14 -6.258963775616733383e-15 -1.271746352497431714e-13 2.439448947258562909e-14 1.000000000000000000e+00 7.865158839501050136e-14 3.328844049725400923e-14
2.311697256753750476e-16 9.307623165350627165e-16 -9.090358385580538081e-16 2.042288929838839707e-17 -6.656992852155537579e-16 -3.646572063661179224e-15 5.596740726877501153e-16 4.074149150248714731e-15 7.592100464286000776e-15 7.147142195316857827e-15 3.396283037366036316e-15 8.170893837593519689e-15 -9.301105221957524670e-16 4.734634080749786493e-15 2.085741885792857573e-16 4.844135529753911565e-15 -3.997671947769643878e-15 1.805904849448982564e-15 -2.085741885792857573e-17 1.372787510977309464e-14 2.040550811600679091e-15 6.961163543833661902e-15 -3.309377125458000682e-15 2.522878622690277133e-15 -3.754335394427143631e-15 3.379597102279693613e-14 -2.947848531920572036e-15 7.865158839501050136e-14 1.000000000000000000e+00 -4.043210645609454572e-14
3.823860123953572217e-17 -3.823860123953572217e-16 3.971600174197232715e-16 -8.203918084118573119e-16 2.207410162464107696e-15 1.067726033702127011e-14 1.082326226902677073e-14 -1.040089953715371643e-14 5.516787287922107984e-15 7.793722179912644266e-15 1.692927163968536162e-15 4.112387751488250946e-15 9.656984931220931153e-15 3.026715646977114592e-15 -3.311115243696161347e-15 -3.775192813285072404e-15 -4.786777627894608031e-15 -8.673210008421966172e-15 2.892011483519659084e-15 -4.220151082254215353e-15 -2.325602202659036095e-15 6.236368238520643945e-15 2.149791542869079826e-14 -8.648876353087716857e-15 -3.196747063625186570e-14 5.005780525902858174e-15 -1.020970653095603851e-14 3.328844049725400923e-14 -4.043210645609454572e-14 1.000000000000000000e+00
