1.000000000000000000e+00 5.894654192898248052e-13 -1.871313714987446559e-12 6.215510819662715961e-15 -8.662781298993002180e-15 -2.169171561224571876e-15 -1.195825347854571675e-15 6.257225657378572718e-17 -1.107181317708375179e-15 2.155266615319286158e-16 7.995343895539287362e-16 1.599068779107857472e-16 3.128612828689286359e-16 3.302424652505357823e-16 2.780989181057143430e-17 -1.008108578133214493e-16 2.850513910583572016e-16 4.866731066850001003e-17 -3.928147218243215095e-16 -1.433947546482589581e-16 2.537652627714643380e-16 -7.473908424091072969e-17 -4.501726236836251421e-16 -1.142812741590670002e-16 4.084577859677679413e-16 4.084577859677679413e-17 1.112395672422857372e-16 7.821532071723215898e-18 1.538234640772232460e-16 -2.780989181057143430e-17
5.894654192898248052e-13 1.000000000000000000e+00 -3.418113802437334966e-13 -1.671374497815343123e-14 1.203055919725320201e-13 -7.472517929500544476e-14 -5.853982226125287473e-14 -7.995343895539287362e-16 -4.367543508850243560e-14 6.010412867559751140e-15 3.109145904421886513e-14 5.749695131835644239e-15 3.483188949274071949e-15 1.153762886491082312e-14 6.152938563088929642e-15 -3.401497392080518706e-15 1.470795653131596663e-14 1.216682766712500251e-15 -1.773402038395377018e-14 -5.586312017448536964e-15 9.886416538658145289e-15 -4.041124903723661301e-15 -2.014652849852084309e-14 -3.768240340332429742e-15 2.136494938347150421e-14 1.921924241846210131e-15 7.623386592572894330e-15 -8.290823996026608358e-16 4.746800908416911939e-15 4.188864953967322292e-16
-1.871313714987446559e-12 -3.418113802437334966e-13 1.000000000000000000e+00 4.606708578421158053e-14 -1.086254374120920208e-13 1.390494590528571715e-14 2.245648763703643359e-14 5.561978362114286860e-16 7.606005410191287676e-15 -1.706832109873821879e-15 -6.253749420902251387e-15 -1.324446097478464460e-15 6.952472952642858576e-17 -1.825024150068750277e-15 -1.341827279860071705e-15 1.418304482339143149e-15 -2.780989181057143430e-15 1.703355873397500351e-16 4.238401323754902339e-15 1.143681800709750137e-15 -1.946692426740000401e-15 8.829640649856430391e-16 4.627739809102902419e-15 7.630339065525537780e-16 -5.826172334314715881e-15 -4.119340224440893706e-16 -2.495937789998786426e-15 2.937419822491607748e-16 -9.968108095851697743e-16 -1.946692426740000401e-16
6.215510819662715961e-15 -1.671374497815343123e-14 4.606708578421158053e-14 1.000000000000000000e+00 -3.410222745636085445e-12 1.777052086695514731e-14 2.544187952290127695e-13 -3.364996909079143551e-15 1.764989546122679208e-13 8.621066461277144634e-16 -2.003007457656407536e-14 -1.110657554184696707e-14 5.461428222036689215e-14 -5.214354714482144326e-15 -1.452023976159461161e-14 9.038214838435716148e-17 -2.647154076718768413e-14 -4.470440108549358261e-15 2.290144590600557654e-14 4.472178226787518927e-15 -3.969862055959072444e-15 7.447836650518662397e-15 8.405539799745215821e-15 1.609497488536821859e-15 -1.083542909669389539e-14 -1.314017388049500271e-15 8.586304096513930341e-16 3.201179265132496109e-15 -4.766354738596219424e-15 4.345295595401786610e-16
-8.662781298993002180e-15 1.203055919725320201e-13 -1.086254374120920208e-13 -3.410222745636085445e-12 1.000000000000000000e+00 1.151329520957657285e-13 1.162731576599991755e-13 1.485743469979779016e-14 6.590944359105429772e-14 -2.231743817798357721e-14 3.367082650964936191e-14 -1.709569646098925006e-14 9.316313756541431280e-15 1.439161901197071725e-15 -2.933943586015286319e-15 2.582843701906822059e-15 -4.366153014259715185e-15 3.152946484023536463e-15 3.590952280040036356e-15 4.623394513507500953e-16 1.302719619501455552e-15 1.866738987784607429e-15 -1.612973725013143190e-15 6.013889104036072668e-16 -8.895689142906537646e-15 -4.831968702086786710e-16 3.420616692700286419e-15 1.464799145209942328e-15 -3.241590514169732762e-15 1.548663350201196797e-15
-2.169171561224571876e-15 -7.472517929500544476e-14 1.390494590528571715e-14 1.777052086695514731e-14 1.151329520957657285e-13 1.000000000000000000e+00 7.820569154219274610e-12 1.179139412768228814e-14 -2.632206259870586375e-14 -5.840077280220001204e-16 9.920309844302278263e-15 -3.928147218243215371e-14 1.377493466107129623e-13 1.334874806907428847e-15 1.525720189457475265e-14 -1.133253091280785987e-14 1.784004559648157392e-14 -2.502890262951429087e-16 -2.340376207683402145e-14 1.063728361754357362e-15 2.164131018333905946e-14 3.768457605112199826e-15 -1.130298290275912698e-14 -8.099630989828930832e-15 2.785421382564453127e-14 -5.725361476501394136e-15 1.354124466395058688e-14 -3.514475077560965109e-15 7.977962713157679525e-15 1.373982467266045000e-15
-1.195825347854571675e-15 -5.853982226125287473e-14 2.245648763703643359e-14 2.544187952290127695e-13 1.162731576599991755e-13 7.820569154219274610e-12 1.000000000000000000e+00 1.425604578939418102e-14 -2.752066893574149328e-13 6.034051275598737451e-14 9.758491036329515902e-14 4.129768933869857599e-15 5.076695750019815214e-14 -1.960597372645286118e-15 2.455613446873457728e-14 1.236844938275164481e-14 3.814126661819871938e-14 -1.031616627304338084e-14 4.950160742281715306e-15 1.295245711077364572e-14 2.040550811600679091e-15 -2.030122102171714704e-15 2.555794236825445916e-15 -8.495921948129573574e-15 -8.829640649856430785e-15 -2.515708884957864389e-15 -1.717608442950418083e-14 -3.653524536613821886e-15 -2.186552743606178923e-15 -4.482606936216482919e-15
6.257225657378572718e-17 -7.995343895539287362e-16 5.561978362114286860e-16 -3.364996909079143551e-15 1.485743469979779016e-14 1.179139412768228814e-14 1.425604578939418102e-14 9.999999999999996669e-01 4.538800298856219217e-13 1.112395672422857372e-16 2.397212674071257795e-14 1.293159969191571616e-14 1.416566364100982389e-13 1.600459273698386084e-14 3.420964316347918710e-14 -7.564290572475430130e-15 -1.326705651188073562e-14 -3.003468315541714905e-15 7.025473918645608886e-15 -5.826172334314715881e-15 4.739848435464268489e-15 -5.144829984955715346e-15 2.867895092965179064e-15 6.265373086619950837e-16 -3.766828119263923413e-15 5.273450734579608525e-15 6.107747488896751555e-15 4.088054096154000842e-15 -6.952472952642858576e-18 -1.307064915096857412e-15
-1.107181317708375179e-15 -4.367543508850243560e-14 7.606005410191287676e-15 1.764989546122679208e-13 6.590944359105429772e-14 -2.632206259870586375e-14 -2.752066893574149328e-13 4.538800298856219217e-13 1.000000000000000000e+00 -1.954027285705038724e-13 3.071324451559509425e-13 8.688679260741596093e-14 -7.904961747154930634e-14 -5.981212481158650700e-14 -1.515778153135195944e-13 3.232899922978929040e-14 -2.847037674107250606e-14 -1.392232708766732380e-14 6.600677821239129498e-14 -9.910750193992394604e-15 -5.064876546000322689e-14 -5.352535114415920376e-15 -3.959433346530107663e-15 -1.862936854138630816e-14 -1.269326022850792862e-14 -2.250863118418125710e-16 -1.724213292255428927e-15 4.836313997682188571e-15 1.821547913592428947e-15 9.038214838435716148e-17
2.155266615319286158e-16 6.010412867559751140e-15 -1.706832109873821879e-15 8.621066461277144634e-16 -2.231743817798357721e-14 -5.840077280220001204e-16 6.034051275598737451e-14 1.112395672422857372e-16 -1.954027285705038724e-13 1.000000000000000000e+00 5.513884630464379736e-13 1.295940958372628838e-14 6.799866171332348057e-14 4.699871715986572397e-15 2.179600270653536183e-14 2.137190185642414687e-14 -1.172534563463218128e-14 -6.333702859857644360e-15 -1.604370039734247581e-14 2.419460587519714784e-15 2.793851256019532669e-14 5.429881376014072350e-15 -6.646998672286112965e-15 1.720737055779107596e-15 4.185388717491000468e-15 8.777497102711608459e-16 -2.200457689511464641e-15 6.813423493590001404e-16 2.727107515674161227e-15 -1.679022218063250445e-15
7.995343895539287362e-16 3.109145904421886513e-14 -6.253749420902251387e-15 -2.003007457656407536e-14 3.367082650964936191e-14 9.920309844302278263e-15 9.758491036329515902e-14 2.397212674071257795e-14 3.071324451559509425e-13 5.513884630464379736e-13 9.999999999999996669e-01 -7.830917910209283767e-14 2.161940989353823318e-13 -8.255366383968130864e-14 -1.174689830078537385e-13 -1.426299826234682368e-14 9.912835935878188033e-14 3.154336978614065074e-14 -3.149470247547215211e-14 2.002312210361143270e-15 6.382370170526144567e-15 4.909749493244479048e-15 -2.721197913664414965e-14 1.507469947956787964e-14 -1.023751642276660915e-14 -4.027219957818375978e-15 -1.103183645760605530e-14 -3.813431414524607830e-15 -2.645415958480607589e-15 -1.503081199405431968e-14
1.599068779107857472e-16 5.749695131835644239e-15 -1.324446097478464460e-15 -1.110657554184696707e-14 -1.709569646098925006e-14 -3.928147218243215371e-14 4.129768933869857599e-15 1.293159969191571616e-14 8.688679260741596093e-14 1.295940958372628838e-14 -7.830917910209283767e-14 1.000000000000000000e+00 -1.682985127646256695e-12 -8.415273261878915862e-14 -1.741351138083693655e-13 -8.064868625065715948e-16 -5.878315881459536630e-15 3.462331530416143571e-15 3.029713900937941582e-14 -9.663937404173573420e-16 3.138498376168825538e-15 -6.486657264815786854e-15 5.087472083096411812e-15 -8.342967543171430291e-16 -4.554738843100152897e-15 -1.425256955291786008e-16 5.216092832720304991e-15 3.884694262289197476e-16 -7.461958861203717803e-15 -3.083421754497107877e-15
3.128612828689286359e-16 3.483188949274071949e-15 6.952472952642858576e-17 5.461428222036689215e-14 9.316313756541431280e-15 1.377493466107129623e-13 5.076695750019815214e-14 1.416566364100982389e-13 -7.904961747154930634e-14 6.799866171332348057e-14 2.161940989353823318e-13 -1.682985127646256695e-12 1.000000000000000000e+00 -2.710143481669712565e-13 -1.257424258214987327e-13 -7.073098358371212221e-14 -3.618066924555343839e-14 2.573110239773121860e-14 1.480876738912928837e-14 -2.355584742267308598e-14 -1.369637171670643100e-14 6.140771735421804985e-15 7.898009274202287342e-15 1.391189837823835981e-14 6.528372102531644400e-15 5.040542890666072467e-16 1.923054018701014721e-14 -5.054447836571358382e-15 -9.820585310387808511e-15 -5.004042407664697509e-15
3.302424652505357823e-16 1.153762886491082312e-14 -1.825024150068750277e-15 -5.214354714482144326e-15 1.439161901197071725e-15 1.334874806907428847e-15 -1.960597372645286118e-15 1.600459273698386084e-14 -5.981212481158650700e-14 4.699871715986572397e-15 -8.255366383968130864e-14 -8.415273261878915862e-14 -2.710143481669712565e-13 1.000000000000000000e+00 -1.662836861029497859e-12 -6.763921886167184235e-13 -8.360870161024485775e-14 -1.604630757469971680e-14 3.608876624371069006e-15 3.796050232143000388e-15 2.276239644695272016e-14 -1.434990417425486010e-14 6.337179096333965690e-15 1.529544049581428887e-15 -1.423866460701257436e-14 -7.682482612670358726e-16 -1.037656588181946593e-15 4.460011399120393480e-15 -6.679588389251626229e-15 1.391580914427422131e-15
2.780989181057143430e-17 6.152938563088929642e-15 -1.341827279860071705e-15 -1.452023976159461161e-14 -2.933943586015286319e-15 1.525720189457475265e-14 2.455613446873457728e-14 3.420964316347918710e-14 -1.515778153135195944e-13 2.179600270653536183e-14 -1.174689830078537385e-13 -1.741351138083693655e-13 -1.257424258214987327e-13 -1.662836861029497859e-12 1.000000000000000000e+00 1.282494875682217521e-12 9.989313138357258570e-14 9.248961674812702343e-15 3.064650077524972218e-14 4.210591431944330904e-15 4.578898686610586776e-14 -1.961031902204826206e-14 -1.520505834742993269e-14 -5.984341093987340371e-15 5.909602009746429789e-16 -5.193062766064675387e-15 2.561291035753629020e-14 1.015234862909673497e-14 -6.389322643478787228e-15 -5.144829984955715346e-16
-1.008108578133214493e-16 -3.401497392080518706e-15 1.418304482339143149e-15 9.038214838435716148e-17 2.582843701906822059e-15 -1.133253091280785987e-14 1.236844938275164481e-14 -7.564290572475430130e-15 3.232899922978929040e-14 2.137190185642414687e-14 -1.426299826234682368e-14 -8.064868625065715948e-16 -7.073098358371212221e-14 -6.763921886167184235e-13 1.282494875682217521e-12 1.000000000000000000e+00 -1.503518987936668828e-13 2.783686740562769061e-12 6.823330767547517039e-14 2.505671252132486152e-14 -4.452972020255842786e-14 3.545761205847857874e-15 1.009499072723743144e-14 4.866731066850001003e-16 6.617016132677840699e-15 -4.783301391418286700e-15 -8.951308926527680515e-15 -4.310533230638572317e-15 -3.093850463926071869e-15 4.192341190443643918e-15
2.850513910583572016e-16 1.470795653131596663e-14 -2.780989181057143430e-15 -2.647154076718768413e-14 -4.366153014259715185e-15 1.784004559648157392e-14 3.814126661819871938e-14 -1.326705651188073562e-14 -2.847037674107250606e-14 -1.172534563463218128e-14 9.912835935878188033e-14 -5.878315881459536630e-15 -3.618066924555343839e-14 -8.360870161024485775e-14 9.989313138357258570e-14 -1.503518987936668828e-13 1.000000000000000000e+00 -4.768080690006713501e-12 -5.917944977289601220e-14 -6.902936582855278036e-15 4.035215301713914881e-14 4.660764055627956638e-15 -2.603005873469486251e-14 2.099646831698143369e-14 -7.578195518380715453e-15 -4.213198609301572691e-15 2.787941654009786407e-14 -3.057349980924697108e-15 -2.197676700330407734e-14 -5.172639876766286780e-15
4.866731066850001003e-17 1.216682766712500251e-15 1.703355873397500351e-16 -4.470440108549358261e-15 3.152946484023536463e-15 -2.502890262951429087e-16 -1.031616627304338084e-14 -3.003468315541714905e-15 -1.392232708766732380e-14 -6.333702859857644360e-15 3.154336978614065074e-14 3.462331530416143571e-15 2.573110239773121860e-14 -1.604630757469971680e-14 9.248961674812702343e-15 2.783686740562769061e-12 -4.768080690006713501e-12 1.000000000000000000e+00 -2.879627391072763839e-13 -5.228259660387429775e-13 8.906117852335501638e-15 -1.813204946049257517e-14 3.531856259942572156e-15 7.077617465790429636e-15 5.810529270171269104e-15 9.858606646847573066e-15 -1.137424575052371584e-14 7.161047141222144333e-16 3.106017291593196921e-15 -1.432209428244428867e-15
-3.928147218243215095e-16 -1.773402038395377018e-14 4.238401323754902339e-15 2.290144590600557654e-14 3.590952280040036356e-15 -2.340376207683402145e-14 4.950160742281715306e-15 7.025473918645608886e-15 6.600677821239129498e-14 -1.604370039734247581e-14 -3.149470247547215211e-14 3.029713900937941582e-14 1.480876738912928837e-14 3.608876624371069006e-15 3.064650077524972218e-14 6.823330767547517039e-14 -5.917944977289601220e-14 -2.879627391072763839e-13 1.000000000000000000e+00 -1.941462428961374694e-12 -9.107739567962145128e-14 -1.642174111414243314e-14 -4.421772797880858212e-14 -1.722822797664900394e-14 -3.342053748335421979e-14 -2.961753477825857753e-15 1.097447855574675177e-14 -3.050397507972054052e-15 3.726525502616572197e-15 8.747080033543796026e-15
-1.433947546482589581e-16 -5.586312017448536964e-15 1.143681800709750137e-15 4.472178226787518927e-15 4.623394513507500953e-16 1.063728361754357362e-15 1.295245711077364572e-14 -5.826172334314715881e-15 -9.910750193992394604e-15 2.419460587519714784e-15 2.002312210361143270e-15 -9.663937404173573420e-16 -2.355584742267308598e-14 3.796050232143000388e-15 4.210591431944330904e-15 2.505671252132486152e-14 -6.902936582855278036e-15 -5.228259660387429775e-13 -1.941462428961374694e-12 9.999999999999996669e-01 2.380283402431572409e-13 -1.311597927461980509e-12 2.857466383536214598e-14 -1.836843354088243196e-14 -1.078154743131091318e-14 1.026185007810085847e-14 3.980290765388036535e-16 -4.488690350050045445e-16 -2.867232435386880626e-14 3.969862055959072444e-15
2.537652627714643380e-16 9.886416538658145289e-15 -1.946692426740000401e-15 -3.969862055959072444e-15 1.302719619501455552e-15 2.164131018333905946e-14 2.040550811600679091e-15 4.739848435464268489e-15 -5.064876546000322689e-14 2.793851256019532669e-14 6.382370170526144567e-15 3.138498376168825538e-15 -1.369637171670643100e-14 2.276239644695272016e-14 4.578898686610586776e-14 -4.452972020255842786e-14 4.035215301713914881e-14 8.906117852335501638e-15 -9.107739567962145128e-14 2.380283402431572409e-13 1.000000000000000000e+00 -1.135999318097079839e-13 2.836608964678286299e-14 1.360425145008391416e-14 -4.934865301785901135e-14 -8.464635819842680020e-15 3.289910201190600757e-14 -2.127891253068254890e-15 -2.482032844093500472e-14 -8.090940398638125928e-15
-7.473908424091072969e-17 -4.041124903723661301e-15 8.829640649856430391e-16 7.447836650518662397e-15 1.866738987784607429e-15 3.768457605112199826e-15 -2.030122102171714704e-15 -5.144829984955715346e-15 -5.352535114415920376e-15 5.429881376014072350e-15 4.909749493244479048e-15 -6.486657264815786854e-15 6.140771735421804985e-15 -1.434990417425486010e-14 -1.961031902204826206e-14 3.545761205847857874e-15 4.660764055627956638e-15 -1.813204946049257517e-14 -1.642174111414243314e-14 -1.311597927461980509e-12 -1.135999318097079839e-13 1.000000000000000000e+00 -2.301086044909779295e-13 1.381400755906514849e-12 4.923219909590224046e-14 -9.997656105900431026e-15 4.628282971052327824e-16 -4.797206337323572417e-16 1.570389828178205705e-15 3.191185085263072283e-15
-4.501726236836251421e-16 -2.014652849852084309e-14 4.627739809102902419e-15 8.405539799745215821e-15 -1.612973725013143190e-15 -1.130298290275912698e-14 2.555794236825445916e-15 2.867895092965179064e-15 -3.959433346530107663e-15 -6.646998672286112965e-15 -2.721197913664414965e-14 5.087472083096411812e-15 7.898009274202287342e-15 6.337179096333965690e-15 -1.520505834742993269e-14 1.009499072723743144e-14 -2.603005873469486251e-14 3.531856259942572156e-15 -4.421772797880858212e-14 2.857466383536214598e-14 2.836608964678286299e-14 -2.301086044909779295e-13 9.999999999999996669e-01 -2.636179598163021643e-12 -3.387244822527600540e-14 1.923032292223037713e-14 -1.368246677080114568e-14 -9.784736621725743211e-15 -1.206949304578800249e-14 1.967549845597929174e-15
-1.142812741590670002e-16 -3.768240340332429742e-15 7.630339065525537780e-16 1.609497488536821859e-15 6.013889104036072668e-16 -8.099630989828930832e-15 -8.495921948129573574e-15 6.265373086619950837e-16 -1.862936854138630816e-14 1.720737055779107596e-15 1.507469947956787964e-14 -8.342967543171430291e-16 1.391189837823835981e-14 1.529544049581428887e-15 -5.984341093987340371e-15 4.866731066850001003e-16 2.099646831698143369e-14 7.077617465790429636e-15 -1.722822797664900394e-14 -1.836843354088243196e-14 1.360425145008391416e-14 1.381400755906514849e-12 -2.636179598163021643e-12 1.000000000000000000e+00 -2.976033205476246880e-13 -1.162481287573696468e-12 -8.313419533122697402e-15 9.893369011610787950e-15 1.606977217091488579e-14 -1.132557843985521721e-14
4.084577859677679413e-16 2.136494938347150421e-14 -5.826172334314715881e-15 -1.083542909669389539e-14 -8.895689142906537646e-15 2.785421382564453127e-14 -8.829640649856430785e-15 -3.766828119263923413e-15 -1.269326022850792862e-14 4.185388717491000468e-15 -1.023751642276660915e-14 -4.554738843100152897e-15 6.528372102531644400e-15 -1.423866460701257436e-14 5.909602009746429789e-16 6.617016132677840699e-15 -7.578195518380715453e-15 5.810529270171269104e-15 -3.342053748335421979e-14 -1.078154743131091318e-14 -4.934865301785901135e-14 4.923219909590224046e-14 -3.387244822527600540e-14 -2.976033205476246880e-13 1.000000000000000000e+00 -2.145736513019450956e-12 4.816673261590972106e-14 2.472212476047892397e-14 -1.693622411263800270e-14 -5.005780525902858174e-16
4.084577859677679413e-17 1.921924241846210131e-15 -4.119340224440893706e-16 -1.314017388049500271e-15 -4.831968702086786710e-16 -5.725361476501394136e-15 -2.515708884957864389e-15 5.273450734579608525e-15 -2.250863118418125710e-16 8.777497102711608459e-16 -4.027219957818375978e-15 -1.425256955291786008e-16 5.040542890666072467e-16 -7.682482612670358726e-16 -5.193062766064675387e-15 -4.783301391418286700e-15 -4.213198609301572691e-15 9.858606646847573066e-15 -2.961753477825857753e-15 1.026185007810085847e-14 -8.464635819842680020e-15 -9.997656105900431026e-15 1.923032292223037713e-14 -1.162481287573696468e-12 -2.145736513019450956e-12 1.000000000000000000e+00 -3.353646996983954122e-13 1.284817001648400265e-14 -1.857353149298539678e-14 -5.951316847462286941e-15
1.112395672422857372e-16 7.623386592572894330e-15 -2.495937789998786426e-15 8.586304096513930341e-16 3.420616692700286419e-15 1.354124466395058688e-14 -1.717608442950418083e-14 6.107747488896751555e-15 -1.724213292255428927e-15 -2.200457689511464641e-15 -1.103183645760605530e-14 5.216092832720304991e-15 1.923054018701014721e-14 -1.037656588181946593e-15 2.561291035753629020e-14 -8.951308926527680515e-15 2.787941654009786407e-14 -1.137424575052371584e-14 1.097447855574675177e-14 3.980290765388036535e-16 3.289910201190600757e-14 4.628282971052327824e-16 -1.368246677080114568e-14 -8.313419533122697402e-15 4.816673261590972106e-14 -3.353646996983954122e-13 1.000000000000000000e+00 3.022413804337666788e-14 4.563603246114772290e-14 1.110309930537064574e-14
7.821532071723215898e-18 -8.290823996026608358e-16 2.937419822491607748e-16 3.201179265132496109e-15 1.464799145209942328e-15 -3.514475077560965109e-15 -3.653524536613821886e-15 4.088054096154000842e-15 4.836313997682188571e-15 6.813423493590001404e-16 -3.813431414524607830e-15 3.884694262289197476e-16 -5.054447836571358382e-15 4.460011399120393480e-15 1.015234862909673497e-14 -4.310533230638572317e-15 -3.057349980924697108e-15 7.161047141222144333e-16 -3.050397507972054052e-15 -4.488690350050045445e-16 -2.127891253068254890e-15 -4.797206337323572417e-16 -9.784736621725743211e-15 9.893369011610787950e-15 2.472212476047892397e-14 1.284817001648400265e-14 3.022413804337666788e-14 9.999999999999996669e-01 1.429215519579196947e-13 1.625210077409794715e-13
1.538234640772232460e-16 4.746800908416911939e-15 -9.968108095851697743e-16 -4.766354738596219424e-15 -3.241590514169732762e-15 7.977962713157679525e-15 -2.186552743606178923e-15 -6.952472952642858576e-18 1.821547913592428947e-15 2.727107515674161227e-15 -2.645415958480607589e-15 -7.461958861203717803e-15 -9.820585310387808511e-15 -6.679588389251626229e-15 -6.389322643478787228e-15 -3.093850463926071869e-15 -2.197676700330407734e-14 3.106017291593196921e-15 3.726525502616572197e-15 -2.867232435386880626e-14 -2.482032844093500472e-14 1.570389828178205705e-15 -1.206949304578800249e-14 1.606977217091488579e-14 -1.693622411263800270e-14 -1.857353149298539678e-14 4.563603246114772290e-14 1.429215519579196947e-13 9.999999999999997780e-01 -3.426630581804322731e-13
-2.780989181057143430e-17 4.188864953967322292e-16 -1.946692426740000401e-16 4.345295595401786610e-16 1.548663350201196797e-15 1.373982467266045000e-15 -4.482606936216482919e-15 -1.307064915096857412e-15 9.038214838435716148e-17 -1.679022218063250445e-15 -1.503081199405431968e-14 -3.083421754497107877e-15 -5.004042407664697509e-15 1.391580914427422131e-15 -5.144829984955715346e-16 4.192341190443643918e-15 -5.172639876766286780e-15 -1.432209428244428867e-15 8.747080033543796026e-15 3.969862055959072444e-15 -8.090940398638125928e-15 3.191185085263072283e-15 1.967549845597929174e-15 -1.132557843985521721e-14 -5.005780525902858174e-16 -5.951316847462286941e-15 1.110309930537064574e-14 1.625210077409794715e-13 -3.426630581804322731e-13 1.000000000000000000e+00
